3,15,3
3,16,3
3,17,3
3,18,3
3,19,3
3,20,3
3,21,3
3,22,3
3,14,4
3,15,4
3,16,4
3,17,4
3,18,4
3,19,4
3,20,4
3,21,4
3,22,4
3,23,4
3,13,5
3,14,5
3,15,5
3,16,5
3,17,5
3,20,5
3,21,5
3,22,5
3,23,5
3,24,5
3,12,6
3,13,6
3,14,6
3,15,6
3,22,6
3,23,6
3,24,6
3,25,6
3,12,7
3,13,7
3,14,7
3,23,7
3,24,7
3,25,7
3,12,8
3,13,8
3,14,8
3,23,8
3,24,8
3,25,8
3,12,9
3,13,9
3,24,9
3,25,9
3,12,10
3,13,10
3,14,10
3,23,10
3,24,10
3,25,10
3,12,11
3,13,11
3,14,11
3,23,11
3,24,11
3,25,11
3,12,12
3,13,12
3,14,12
3,15,12
3,23,12
3,24,12
3,25,12
3,13,13
3,14,13
3,15,13
3,16,13
3,21,13
3,22,13
3,23,13
3,24,13
3,13,14
3,14,14
3,15,14
3,16,14
3,17,14
3,18,14
3,19,14
3,20,14
3,21,14
3,22,14
3,23,14
3,24,14
3,14,15
3,15,15
3,16,15
3,17,15
3,18,15
3,19,15
3,20,15
3,21,15
3,22,15
3,23,15
3,16,16
3,17,16
3,18,16
3,19,16
3,20,16
3,21,16
4,15,3
4,17,3
4,18,3
4,19,3
4,20,3
4,22,3
4,14,4
4,17,4
4,18,4
4,19,4
4,20,4
4,22,4
4,23,4
4,28,4
4,29,4
4,30,4
4,32,4
4,33,4
4,34,4
4,35,4
4,36,4
4,37,4
4,38,4
4,39,4
4,40,4
4,41,4
4,42,4
4,43,4
4,44,4
4,45,4
4,46,4
4,47,4
4,48,4
4,49,4
4,50,4
4,52,4
4,53,4
4,54,4
4,55,4
4,56,4
4,14,5
4,15,5
4,16,5
4,17,5
4,18,5
4,19,5
4,20,5
4,21,5
4,22,5
4,23,5
4,28,5
4,29,5
4,30,5
4,32,5
4,33,5
4,34,5
4,35,5
4,36,5
4,37,5
4,38,5
4,39,5
4,40,5
4,41,5
4,42,5
4,43,5
4,44,5
4,45,5
4,46,5
4,47,5
4,48,5
4,49,5
4,50,5
4,52,5
4,53,5
4,54,5
4,55,5
4,56,5
4,13,6
4,14,6
4,15,6
4,16,6
4,21,6
4,22,6
4,23,6
4,24,6
4,27,6
4,28,6
4,29,6
4,30,6
4,31,6
4,32,6
4,33,6
4,34,6
4,35,6
4,36,6
4,37,6
4,38,6
4,39,6
4,40,6
4,41,6
4,42,6
4,43,6
4,44,6
4,45,6
4,46,6
4,47,6
4,48,6
4,49,6
4,50,6
4,52,6
4,53,6
4,54,6
4,55,6
4,56,6
4,12,7
4,14,7
4,15,7
4,22,7
4,23,7
4,25,7
4,27,7
4,28,7
4,29,7
4,30,7
4,31,7
4,32,7
4,33,7
4,34,7
4,35,7
4,36,7
4,37,7
4,38,7
4,39,7
4,40,7
4,41,7
4,42,7
4,43,7
4,44,7
4,45,7
4,46,7
4,47,7
4,48,7
4,49,7
4,50,7
4,52,7
4,53,7
4,54,7
4,55,7
4,56,7
4,12,8
4,13,8
4,14,8
4,23,8
4,25,8
4,27,8
4,28,8
4,29,8
4,30,8
4,31,8
4,32,8
4,33,8
4,34,8
4,35,8
4,36,8
4,37,8
4,38,8
4,39,8
4,40,8
4,41,8
4,42,8
4,43,8
4,44,8
4,45,8
4,46,8
4,47,8
4,48,8
4,49,8
4,50,8
4,52,8
4,53,8
4,54,8
4,55,8
4,56,8
4,12,9
4,13,9
4,14,9
4,23,9
4,24,9
4,25,9
4,27,9
4,28,9
4,29,9
4,30,9
4,31,9
4,32,9
4,33,9
4,34,9
4,35,9
4,36,9
4,37,9
4,38,9
4,39,9
4,40,9
4,41,9
4,42,9
4,43,9
4,44,9
4,45,9
4,46,9
4,47,9
4,48,9
4,49,9
4,50,9
4,52,9
4,53,9
4,54,9
4,55,9
4,56,9
4,13,10
4,14,10
4,23,10
4,24,10
4,27,10
4,28,10
4,29,10
4,30,10
4,31,10
4,32,10
4,33,10
4,34,10
4,35,10
4,36,10
4,37,10
4,38,10
4,39,10
4,40,10
4,41,10
4,42,10
4,43,10
4,44,10
4,45,10
4,46,10
4,47,10
4,48,10
4,49,10
4,50,10
4,52,10
4,53,10
4,54,10
4,55,10
4,56,10
4,12,11
4,14,11
4,23,11
4,25,11
4,26,11
4,27,11
4,28,11
4,29,11
4,30,11
4,32,11
4,33,11
4,34,11
4,35,11
4,36,11
4,37,11
4,38,11
4,39,11
4,40,11
4,41,11
4,42,11
4,43,11
4,44,11
4,45,11
4,46,11
4,47,11
4,48,11
4,49,11
4,50,11
4,52,11
4,53,11
4,54,11
4,55,11
4,56,11
4,14,12
4,15,12
4,22,12
4,23,12
4,25,12
4,26,12
4,27,12
4,28,12
4,29,12
4,30,12
4,13,13
4,15,13
4,16,13
4,21,13
4,22,13
4,24,13
4,25,13
4,26,13
4,27,13
4,28,13
4,29,13
4,14,14
4,16,14
4,17,14
4,18,14
4,19,14
4,20,14
4,21,14
4,23,14
4,24,14
4,25,14
4,26,14
4,27,14
4,15,15
4,22,15
4,23,15
4,24,15
4,17,16
4,18,16
4,19,16
4,20,16
4,21,16
4,22,16
4,23,16
4,21,17
5,78,3
5,79,3
5,80,3
5,81,3
5,82,3
5,83,3
5,27,4
5,28,4
5,29,4
5,30,4
5,31,4
5,32,4
5,33,4
5,34,4
5,35,4
5,36,4
5,37,4
5,38,4
5,39,4
5,40,4
5,41,4
5,42,4
5,43,4
5,44,4
5,45,4
5,46,4
5,47,4
5,48,4
5,49,4
5,50,4
5,51,4
5,52,4
5,53,4
5,54,4
5,55,4
5,56,4
5,57,4
5,58,4
5,59,4
5,76,4
5,77,4
5,78,4
5,79,4
5,80,4
5,81,4
5,82,4
5,83,4
5,84,4
5,27,5
5,57,5
5,58,5
5,59,5
5,76,5
5,77,5
5,78,5
5,79,5
5,82,5
5,83,5
5,84,5
5,85,5
5,27,6
5,57,6
5,58,6
5,59,6
5,75,6
5,76,6
5,77,6
5,84,6
5,85,6
5,86,6
5,27,7
5,57,7
5,58,7
5,59,7
5,75,7
5,76,7
5,77,7
5,84,7
5,85,7
5,86,7
5,27,8
5,57,8
5,58,8
5,59,8
5,75,8
5,76,8
5,85,8
5,86,8
5,27,9
5,33,9
5,34,9
5,35,9
5,36,9
5,57,9
5,58,9
5,59,9
5,75,9
5,76,9
5,84,9
5,85,9
5,86,9
5,26,10
5,33,10
5,34,10
5,35,10
5,36,10
5,57,10
5,58,10
5,59,10
5,75,10
5,76,10
5,77,10
5,84,10
5,85,10
5,86,10
5,26,11
5,32,11
5,33,11
5,34,11
5,35,11
5,36,11
5,37,11
5,38,11
5,39,11
5,40,11
5,41,11
5,42,11
5,43,11
5,44,11
5,45,11
5,46,11
5,47,11
5,48,11
5,49,11
5,50,11
5,52,11
5,53,11
5,54,11
5,55,11
5,56,11
5,57,11
5,58,11
5,59,11
5,75,11
5,76,11
5,77,11
5,78,11
5,83,11
5,84,11
5,85,11
5,86,11
5,25,12
5,26,12
5,30,12
5,76,12
5,77,12
5,78,12
5,79,12
5,80,12
5,81,12
5,82,12
5,83,12
5,84,12
5,85,12
5,24,13
5,25,13
5,27,13
5,28,13
5,29,13
5,77,13
5,78,13
5,79,13
5,80,13
5,81,13
5,82,13
5,83,13
5,84,13
5,24,14
5,25,14
5,26,14
5,27,14
5,79,14
5,80,14
5,81,14
5,82,14
5,23,15
5,24,15
5,21,16
5,22,16
5,23,16
5,21,17
6,27,4
6,28,4
6,29,4
6,30,4
6,31,4
6,32,4
6,33,4
6,34,4
6,35,4
6,36,4
6,37,4
6,38,4
6,39,4
6,40,4
6,41,4
6,42,4
6,43,4
6,44,4
6,45,4
6,46,4
6,47,4
6,49,4
6,50,4
6,52,4
6,53,4
6,54,4
6,55,4
6,56,4
6,57,4
6,58,4
6,59,4
6,60,4
6,61,4
6,62,4
6,79,4
6,80,4
6,81,4
6,82,4
6,27,5
6,60,5
6,61,5
6,62,5
6,77,5
6,78,5
6,79,5
6,82,5
6,83,5
6,84,5
6,27,6
6,60,6
6,61,6
6,62,6
6,77,6
6,78,6
6,83,6
6,84,6
6,27,7
6,60,7
6,61,7
6,62,7
6,76,7
6,77,7
6,84,7
6,85,7
6,27,8
6,60,8
6,61,8
6,62,8
6,76,8
6,77,8
6,84,8
6,85,8
6,27,9
6,33,9
6,34,9
6,35,9
6,36,9
6,37,9
6,60,9
6,61,9
6,62,9
6,76,9
6,77,9
6,84,9
6,85,9
6,26,10
6,37,10
6,38,10
6,60,10
6,61,10
6,62,10
6,77,10
6,84,10
6,26,11
6,32,11
6,33,11
6,37,11
6,38,11
6,39,11
6,40,11
6,41,11
6,42,11
6,43,11
6,44,11
6,45,11
6,46,11
6,47,11
6,48,11
6,49,11
6,50,11
6,52,11
6,53,11
6,54,11
6,55,11
6,56,11
6,57,11
6,58,11
6,59,11
6,60,11
6,61,11
6,77,11
6,78,11
6,83,11
6,84,11
6,25,12
6,26,12
6,30,12
6,78,12
6,79,12
6,80,12
6,81,12
6,82,12
6,83,12
6,25,13
6,27,13
6,28,13
6,29,13
6,25,14
6,26,14
6,27,14
6,23,15
6,24,15
6,21,16
6,22,16
6,23,16
6,21,17
7,15,3
7,16,3
7,17,3
7,18,3
7,19,3
7,20,3
7,21,3
7,22,3
7,14,4
7,15,4
7,17,4
7,18,4
7,19,4
7,20,4
7,22,4
7,23,4
7,28,4
7,29,4
7,30,4
7,32,4
7,33,4
7,34,4
7,35,4
7,36,4
7,37,4
7,38,4
7,39,4
7,40,4
7,41,4
7,42,4
7,43,4
7,44,4
7,45,4
7,46,4
7,47,4
7,48,4
7,49,4
7,50,4
7,51,4
7,52,4
7,53,4
7,54,4
7,55,4
7,56,4
7,57,4
7,58,4
7,59,4
7,60,4
7,61,4
7,62,4
7,63,4
7,64,4
7,13,5
7,14,5
7,15,5
7,16,5
7,17,5
7,20,5
7,21,5
7,22,5
7,23,5
7,24,5
7,27,5
7,63,5
7,64,5
7,12,6
7,13,6
7,14,6
7,15,6
7,22,6
7,23,6
7,24,6
7,25,6
7,27,6
7,63,6
7,64,6
7,12,7
7,14,7
7,23,7
7,25,7
7,27,7
7,63,7
7,64,7
7,12,8
7,13,8
7,14,8
7,23,8
7,24,8
7,25,8
7,27,8
7,63,8
7,64,8
7,12,9
7,13,9
7,24,9
7,25,9
7,27,9
7,33,9
7,34,9
7,35,9
7,36,9
7,37,9
7,63,9
7,64,9
7,12,10
7,13,10
7,14,10
7,23,10
7,24,10
7,25,10
7,26,10
7,33,10
7,37,10
7,38,10
7,39,10
7,40,10
7,62,10
7,63,10
7,64,10
7,12,11
7,14,11
7,23,11
7,25,11
7,26,11
7,32,11
7,33,11
7,38,11
7,39,11
7,40,11
7,41,11
7,42,11
7,43,11
7,44,11
7,45,11
7,46,11
7,47,11
7,48,11
7,49,11
7,50,11
7,52,11
7,53,11
7,54,11
7,55,11
7,56,11
7,57,11
7,58,11
7,59,11
7,60,11
7,61,11
7,12,12
7,14,12
7,15,12
7,22,12
7,23,12
7,25,12
7,30,12
7,13,13
7,15,13
7,16,13
7,21,13
7,22,13
7,24,13
7,25,13
7,27,13
7,28,13
7,29,13
7,13,14
7,14,14
7,16,14
7,17,14
7,18,14
7,19,14
7,20,14
7,21,14
7,23,14
7,24,14
7,25,14
7,26,14
7,27,14
7,14,15
7,15,15
7,16,15
7,21,15
7,22,15
7,23,15
7,24,15
7,16,16
7,17,16
7,18,16
7,19,16
7,20,16
7,21,16
7,22,16
7,23,16
7,21,17
8,78,3
8,79,3
8,80,3
8,81,3
8,82,3
8,83,3
8,17,4
8,18,4
8,19,4
8,20,4
8,27,4
8,28,4
8,29,4
8,30,4
8,31,4
8,32,4
8,33,4
8,34,4
8,35,4
8,36,4
8,37,4
8,38,4
8,39,4
8,40,4
8,41,4
8,42,4
8,43,4
8,44,4
8,45,4
8,46,4
8,48,4
8,49,4
8,50,4
8,51,4
8,52,4
8,53,4
8,54,4
8,55,4
8,56,4
8,57,4
8,58,4
8,59,4
8,60,4
8,61,4
8,62,4
8,63,4
8,64,4
8,65,4
8,76,4
8,77,4
8,78,4
8,79,4
8,80,4
8,81,4
8,82,4
8,83,4
8,84,4
8,85,4
8,91,4
8,92,4
8,93,4
8,94,4
8,95,4
8,96,4
8,15,5
8,16,5
8,17,5
8,18,5
8,19,5
8,20,5
8,21,5
8,22,5
8,27,5
8,65,5
8,76,5
8,77,5
8,78,5
8,79,5
8,82,5
8,83,5
8,84,5
8,85,5
8,89,5
8,90,5
8,91,5
8,92,5
8,93,5
8,94,5
8,95,5
8,96,5
8,14,6
8,15,6
8,16,6
8,21,6
8,22,6
8,23,6
8,27,6
8,65,6
8,75,6
8,76,6
8,77,6
8,78,6
8,83,6
8,84,6
8,85,6
8,86,6
8,88,6
8,89,6
8,90,6
8,91,6
8,92,6
8,14,7
8,15,7
8,22,7
8,23,7
8,27,7
8,65,7
8,75,7
8,76,7
8,77,7
8,84,7
8,85,7
8,86,7
8,13,8
8,14,8
8,23,8
8,27,8
8,65,8
8,75,8
8,76,8
8,77,8
8,84,8
8,85,8
8,86,8
8,13,9
8,14,9
8,23,9
8,24,9
8,27,9
8,33,9
8,34,9
8,35,9
8,36,9
8,37,9
8,65,9
8,75,9
8,76,9
8,77,9
8,84,9
8,85,9
8,86,9
8,13,10
8,14,10
8,23,10
8,24,10
8,26,10
8,33,10
8,37,10
8,38,10
8,39,10
8,40,10
8,62,10
8,63,10
8,64,10
8,65,10
8,75,10
8,77,10
8,84,10
8,86,10
8,14,11
8,23,11
8,26,11
8,32,11
8,33,11
8,40,11
8,41,11
8,42,11
8,43,11
8,44,11
8,45,11
8,46,11
8,47,11
8,48,11
8,49,11
8,50,11
8,52,11
8,53,11
8,54,11
8,55,11
8,56,11
8,57,11
8,58,11
8,59,11
8,60,11
8,61,11
8,75,11
8,76,11
8,77,11
8,78,11
8,83,11
8,84,11
8,85,11
8,86,11
8,14,12
8,15,12
8,22,12
8,23,12
8,25,12
8,26,12
8,30,12
8,76,12
8,77,12
8,78,12
8,79,12
8,80,12
8,81,12
8,82,12
8,83,12
8,84,12
8,85,12
8,15,13
8,16,13
8,21,13
8,22,13
8,24,13
8,25,13
8,27,13
8,28,13
8,29,13
8,77,13
8,78,13
8,79,13
8,82,13
8,83,13
8,84,13
8,16,14
8,17,14
8,18,14
8,19,14
8,20,14
8,21,14
8,24,14
8,25,14
8,26,14
8,27,14
8,79,14
8,80,14
8,81,14
8,82,14
8,23,15
8,24,15
8,21,16
8,22,16
8,23,16
8,21,17
9,15,3
9,17,3
9,18,3
9,19,3
9,20,3
9,22,3
9,14,4
9,22,4
9,23,4
9,27,4
9,28,4
9,29,4
9,30,4
9,31,4
9,32,4
9,33,4
9,34,4
9,35,4
9,36,4
9,37,4
9,38,4
9,39,4
9,40,4
9,41,4
9,42,4
9,43,4
9,44,4
9,45,4
9,46,4
9,47,4
9,48,4
9,49,4
9,50,4
9,51,4
9,52,4
9,53,4
9,54,4
9,55,4
9,57,4
9,58,4
9,59,4
9,60,4
9,61,4
9,62,4
9,63,4
9,64,4
9,65,4
9,66,4
9,81,4
9,14,5
9,16,5
9,19,5
9,20,5
9,23,5
9,27,5
9,66,5
9,78,5
9,79,5
9,80,5
9,81,5
9,13,6
9,16,6
9,18,6
9,19,6
9,22,6
9,24,6
9,27,6
9,66,6
9,78,6
9,79,6
9,80,6
9,81,6
9,82,6
9,83,6
9,84,6
9,12,7
9,16,7
9,17,7
9,18,7
9,19,7
9,20,7
9,21,7
9,22,7
9,23,7
9,25,7
9,27,7
9,66,7
9,77,7
9,79,7
9,80,7
9,81,7
9,82,7
9,83,7
9,12,8
9,14,8
9,15,8
9,16,8
9,17,8
9,18,8
9,19,8
9,20,8
9,25,8
9,27,8
9,66,8
9,77,8
9,78,8
9,79,8
9,80,8
9,81,8
9,82,8
9,83,8
9,84,8
9,12,9
9,14,9
9,15,9
9,16,9
9,17,9
9,18,9
9,19,9
9,20,9
9,21,9
9,22,9
9,25,9
9,27,9
9,33,9
9,34,9
9,35,9
9,36,9
9,37,9
9,66,9
9,78,9
9,79,9
9,80,9
9,81,9
9,82,9
9,83,9
9,84,9
9,16,10
9,17,10
9,18,10
9,19,10
9,20,10
9,21,10
9,22,10
9,23,10
9,26,10
9,33,10
9,37,10
9,38,10
9,39,10
9,40,10
9,62,10
9,63,10
9,64,10
9,65,10
9,77,10
9,78,10
9,79,10
9,80,10
9,81,10
9,82,10
9,12,11
9,15,11
9,16,11
9,17,11
9,18,11
9,19,11
9,20,11
9,21,11
9,25,11
9,26,11
9,32,11
9,33,11
9,41,11
9,42,11
9,43,11
9,44,11
9,45,11
9,46,11
9,47,11
9,48,11
9,49,11
9,50,11
9,52,11
9,53,11
9,54,11
9,55,11
9,56,11
9,57,11
9,58,11
9,59,11
9,60,11
9,61,11
9,77,11
9,80,11
9,81,11
9,82,11
9,83,11
9,14,12
9,15,12
9,16,12
9,17,12
9,18,12
9,19,12
9,20,12
9,21,12
9,25,12
9,26,12
9,30,12
9,79,12
9,80,12
9,82,12
9,83,12
9,13,13
9,17,13
9,18,13
9,21,13
9,24,13
9,25,13
9,27,13
9,28,13
9,29,13
9,14,14
9,17,14
9,18,14
9,23,14
9,24,14
9,25,14
9,26,14
9,27,14
9,15,15
9,22,15
9,23,15
9,24,15
9,17,16
9,18,16
9,19,16
9,20,16
9,21,16
9,22,16
9,23,16
9,21,17
10,15,3
10,17,3
10,18,3
10,19,3
10,20,3
10,21,3
10,22,3
10,14,4
10,22,4
10,23,4
10,28,4
10,29,4
10,30,4
10,32,4
10,33,4
10,34,4
10,35,4
10,37,4
10,38,4
10,39,4
10,40,4
10,41,4
10,43,4
10,44,4
10,45,4
10,46,4
10,47,4
10,48,4
10,49,4
10,50,4
10,52,4
10,54,4
10,55,4
10,56,4
10,57,4
10,58,4
10,59,4
10,60,4
10,61,4
10,62,4
10,63,4
10,64,4
10,65,4
10,66,4
10,81,4
10,92,4
10,93,4
10,94,4
10,14,5
10,16,5
10,19,5
10,20,5
10,23,5
10,24,5
10,27,5
10,66,5
10,78,5
10,79,5
10,80,5
10,81,5
10,90,5
10,91,5
10,92,5
10,93,5
10,94,5
10,13,6
10,16,6
10,18,6
10,19,6
10,22,6
10,24,6
10,25,6
10,27,6
10,66,6
10,78,6
10,79,6
10,80,6
10,81,6
10,82,6
10,83,6
10,84,6
10,12,7
10,16,7
10,17,7
10,18,7
10,19,7
10,20,7
10,21,7
10,22,7
10,23,7
10,25,7
10,27,7
10,66,7
10,77,7
10,79,7
10,80,7
10,81,7
10,82,7
10,83,7
10,12,8
10,14,8
10,16,8
10,17,8
10,18,8
10,19,8
10,20,8
10,25,8
10,27,8
10,66,8
10,77,8
10,78,8
10,79,8
10,80,8
10,81,8
10,82,8
10,83,8
10,84,8
10,12,9
10,14,9
10,15,9
10,16,9
10,17,9
10,18,9
10,19,9
10,20,9
10,21,9
10,22,9
10,25,9
10,27,9
10,33,9
10,34,9
10,35,9
10,36,9
10,37,9
10,66,9
10,78,9
10,79,9
10,80,9
10,81,9
10,82,9
10,83,9
10,84,9
10,16,10
10,17,10
10,18,10
10,19,10
10,20,10
10,22,10
10,23,10
10,25,10
10,26,10
10,33,10
10,37,10
10,38,10
10,39,10
10,40,10
10,62,10
10,63,10
10,64,10
10,65,10
10,77,10
10,78,10
10,79,10
10,80,10
10,81,10
10,82,10
10,12,11
10,15,11
10,16,11
10,17,11
10,18,11
10,19,11
10,20,11
10,21,11
10,25,11
10,26,11
10,32,11
10,33,11
10,41,11
10,42,11
10,43,11
10,44,11
10,45,11
10,46,11
10,47,11
10,48,11
10,49,11
10,50,11
10,52,11
10,53,11
10,54,11
10,55,11
10,56,11
10,57,11
10,58,11
10,59,11
10,60,11
10,61,11
10,77,11
10,80,11
10,81,11
10,82,11
10,83,11
10,13,12
10,14,12
10,15,12
10,16,12
10,18,12
10,19,12
10,20,12
10,21,12
10,25,12
10,29,12
10,30,12
10,79,12
10,80,12
10,82,12
10,83,12
10,13,13
10,18,13
10,21,13
10,24,13
10,25,13
10,27,13
10,28,13
10,14,14
10,17,14
10,18,14
10,23,14
10,25,14
10,26,14
10,27,14
10,15,15
10,22,15
10,23,15
10,24,15
10,16,16
10,17,16
10,18,16
10,19,16
10,20,16
10,21,16
10,22,16
10,23,16
10,13,17
10,14,17
10,15,17
10,16,17
10,17,17
10,21,17
10,9,18
10,10,18
10,11,18
10,12,18
10,13,18
10,14,18
10,15,18
10,16,18
10,17,18
10,18,18
10,6,19
10,7,19
10,8,19
10,10,19
10,11,19
10,12,19
10,13,19
10,14,19
10,15,19
10,16,19
10,17,19
10,18,19
10,4,20
10,5,20
10,6,20
10,7,20
10,8,20
10,9,20
10,11,20
10,13,20
10,14,20
10,15,20
10,16,20
10,17,20
10,3,21
10,4,21
10,5,21
10,6,21
10,8,21
10,9,21
10,10,21
10,12,21
10,3,22
11,34,3
11,44,3
11,45,3
11,46,3
11,78,3
11,79,3
11,80,3
11,81,3
11,82,3
11,83,3
11,17,4
11,18,4
11,19,4
11,20,4
11,27,4
11,28,4
11,29,4
11,30,4
11,31,4
11,32,4
11,33,4
11,34,4
11,35,4
11,36,4
11,37,4
11,38,4
11,39,4
11,40,4
11,41,4
11,42,4
11,43,4
11,46,4
11,47,4
11,48,4
11,49,4
11,50,4
11,51,4
11,52,4
11,53,4
11,54,4
11,55,4
11,56,4
11,57,4
11,58,4
11,59,4
11,60,4
11,61,4
11,62,4
11,63,4
11,64,4
11,65,4
11,66,4
11,77,4
11,79,4
11,80,4
11,81,4
11,82,4
11,83,4
11,84,4
11,15,5
11,16,5
11,17,5
11,18,5
11,19,5
11,20,5
11,21,5
11,22,5
11,27,5
11,66,5
11,76,5
11,77,5
11,78,5
11,79,5
11,82,5
11,83,5
11,84,5
11,85,5
11,14,6
11,15,6
11,16,6
11,21,6
11,22,6
11,23,6
11,27,6
11,66,6
11,75,6
11,76,6
11,77,6
11,78,6
11,83,6
11,84,6
11,85,6
11,86,6
11,14,7
11,15,7
11,22,7
11,23,7
11,27,7
11,66,7
11,75,7
11,76,7
11,77,7
11,84,7
11,85,7
11,86,7
11,13,8
11,14,8
11,23,8
11,27,8
11,66,8
11,75,8
11,76,8
11,77,8
11,84,8
11,85,8
11,86,8
11,13,9
11,14,9
11,23,9
11,24,9
11,27,9
11,33,9
11,34,9
11,35,9
11,36,9
11,37,9
11,66,9
11,75,9
11,76,9
11,77,9
11,84,9
11,85,9
11,86,9
11,13,10
11,14,10
11,23,10
11,24,10
11,26,10
11,33,10
11,37,10
11,38,10
11,39,10
11,40,10
11,62,10
11,63,10
11,64,10
11,65,10
11,75,10
11,77,10
11,84,10
11,86,10
11,14,11
11,23,11
11,26,11
11,32,11
11,33,11
11,41,11
11,42,11
11,43,11
11,44,11
11,45,11
11,46,11
11,47,11
11,48,11
11,49,11
11,50,11
11,52,11
11,53,11
11,54,11
11,55,11
11,56,11
11,57,11
11,58,11
11,59,11
11,60,11
11,61,11
11,75,11
11,76,11
11,77,11
11,78,11
11,83,11
11,84,11
11,85,11
11,86,11
11,14,12
11,15,12
11,22,12
11,23,12
11,26,12
11,29,12
11,30,12
11,76,12
11,77,12
11,78,12
11,79,12
11,80,12
11,81,12
11,82,12
11,83,12
11,84,12
11,85,12
11,15,13
11,16,13
11,21,13
11,22,13
11,24,13
11,25,13
11,27,13
11,28,13
11,29,13
11,77,13
11,78,13
11,79,13
11,82,13
11,83,13
11,84,13
11,16,14
11,17,14
11,18,14
11,19,14
11,20,14
11,21,14
11,24,14
11,25,14
11,26,14
11,27,14
11,79,14
11,80,14
11,81,14
11,82,14
11,23,15
11,24,15
11,21,16
11,22,16
11,23,16
11,12,17
11,13,17
11,14,17
11,15,17
11,16,17
11,17,17
11,21,17
11,8,18
11,9,18
11,10,18
11,11,18
11,12,18
11,13,18
11,14,18
11,15,18
11,16,18
11,17,18
11,18,18
11,6,19
11,7,19
11,8,19
11,9,19
11,10,19
11,11,19
11,12,19
11,13,19
11,14,19
11,15,19
11,16,19
11,17,19
11,18,19
11,4,20
11,5,20
11,6,20
11,7,20
11,8,20
11,9,20
11,10,20
11,11,20
11,12,20
11,13,20
11,14,20
11,15,20
11,16,20
11,17,20
11,3,21
11,4,21
11,5,21
11,6,21
11,7,21
11,8,21
11,9,21
11,10,21
11,11,21
11,12,21
11,3,22
11,4,22
12,15,3
12,16,3
12,17,3
12,18,3
12,19,3
12,20,3
12,21,3
12,22,3
12,33,3
12,34,3
12,35,3
12,37,3
12,38,3
12,39,3
12,40,3
12,41,3
12,43,3
12,44,3
12,45,3
12,14,4
12,15,4
12,17,4
12,18,4
12,19,4
12,20,4
12,22,4
12,23,4
12,27,4
12,28,4
12,29,4
12,30,4
12,31,4
12,32,4
12,33,4
12,46,4
12,47,4
12,48,4
12,49,4
12,50,4
12,51,4
12,52,4
12,53,4
12,54,4
12,55,4
12,56,4
12,57,4
12,58,4
12,59,4
12,60,4
12,61,4
12,62,4
12,63,4
12,64,4
12,65,4
12,66,4
12,92,4
12,93,4
12,94,4
12,95,4
12,13,5
12,14,5
12,15,5
12,16,5
12,17,5
12,20,5
12,21,5
12,22,5
12,23,5
12,24,5
12,27,5
12,66,5
12,80,5
12,81,5
12,90,5
12,91,5
12,92,5
12,93,5
12,94,5
12,95,5
12,12,6
12,13,6
12,14,6
12,15,6
12,22,6
12,23,6
12,24,6
12,25,6
12,27,6
12,66,6
12,78,6
12,79,6
12,80,6
12,81,6
12,82,6
12,83,6
12,12,7
12,14,7
12,23,7
12,25,7
12,27,7
12,66,7
12,78,7
12,79,7
12,80,7
12,81,7
12,82,7
12,83,7
12,12,8
12,13,8
12,14,8
12,23,8
12,24,8
12,25,8
12,27,8
12,66,8
12,77,8
12,78,8
12,79,8
12,80,8
12,81,8
12,82,8
12,83,8
12,12,9
12,13,9
12,24,9
12,25,9
12,27,9
12,33,9
12,34,9
12,35,9
12,36,9
12,37,9
12,66,9
12,77,9
12,78,9
12,79,9
12,80,9
12,81,9
12,82,9
12,83,9
12,84,9
12,12,10
12,13,10
12,14,10
12,23,10
12,24,10
12,25,10
12,26,10
12,33,10
12,37,10
12,38,10
12,39,10
12,40,10
12,62,10
12,63,10
12,64,10
12,65,10
12,78,10
12,79,10
12,80,10
12,81,10
12,82,10
12,83,10
12,12,11
12,14,11
12,23,11
12,25,11
12,26,11
12,32,11
12,33,11
12,41,11
12,42,11
12,43,11
12,44,11
12,45,11
12,46,11
12,47,11
12,48,11
12,49,11
12,50,11
12,52,11
12,53,11
12,54,11
12,55,11
12,56,11
12,57,11
12,58,11
12,59,11
12,60,11
12,61,11
12,79,11
12,80,11
12,81,11
12,82,11
12,83,11
12,12,12
12,13,12
12,14,12
12,15,12
12,22,12
12,23,12
12,25,12
12,26,12
12,29,12
12,30,12
12,31,12
12,13,13
12,15,13
12,16,13
12,21,13
12,22,13
12,24,13
12,25,13
12,27,13
12,28,13
12,29,13
12,13,14
12,14,14
12,16,14
12,17,14
12,18,14
12,19,14
12,20,14
12,21,14
12,23,14
12,24,14
12,25,14
12,26,14
12,27,14
12,14,15
12,15,15
12,16,15
12,21,15
12,22,15
12,23,15
12,24,15
12,16,16
12,17,16
12,18,16
12,19,16
12,20,16
12,21,16
12,22,16
12,23,16
12,21,17
12,11,18
12,12,18
12,13,18
12,14,18
12,15,18
12,16,18
12,8,19
12,9,19
12,10,19
12,14,19
12,15,19
12,16,19
12,6,20
12,7,20
12,8,20
12,9,20
12,10,20
12,11,20
12,12,20
12,13,20
13,33,3
13,34,3
13,35,3
13,36,3
13,37,3
13,38,3
13,39,3
13,40,3
13,41,3
13,42,3
13,43,3
13,44,3
13,45,3
13,46,3
13,27,4
13,28,4
13,29,4
13,30,4
13,31,4
13,32,4
13,33,4
13,47,4
13,49,4
13,50,4
13,52,4
13,53,4
13,54,4
13,55,4
13,56,4
13,57,4
13,58,4
13,59,4
13,60,4
13,61,4
13,62,4
13,63,4
13,64,4
13,65,4
13,66,4
13,79,4
13,80,4
13,81,4
13,82,4
13,27,5
13,66,5
13,77,5
13,78,5
13,79,5
13,80,5
13,81,5
13,82,5
13,83,5
13,84,5
13,27,6
13,66,6
13,77,6
13,78,6
13,79,6
13,80,6
13,81,6
13,82,6
13,83,6
13,84,6
13,27,7
13,66,7
13,76,7
13,77,7
13,78,7
13,79,7
13,80,7
13,81,7
13,82,7
13,83,7
13,84,7
13,85,7
13,27,8
13,66,8
13,76,8
13,77,8
13,78,8
13,79,8
13,80,8
13,81,8
13,82,8
13,83,8
13,84,8
13,85,8
13,27,9
13,33,9
13,34,9
13,35,9
13,36,9
13,37,9
13,66,9
13,76,9
13,77,9
13,78,9
13,79,9
13,80,9
13,81,9
13,82,9
13,83,9
13,84,9
13,85,9
13,26,10
13,33,10
13,37,10
13,38,10
13,39,10
13,40,10
13,62,10
13,63,10
13,64,10
13,65,10
13,77,10
13,78,10
13,79,10
13,80,10
13,81,10
13,82,10
13,83,10
13,84,10
13,26,11
13,32,11
13,33,11
13,41,11
13,42,11
13,43,11
13,44,11
13,45,11
13,46,11
13,47,11
13,48,11
13,49,11
13,50,11
13,52,11
13,53,11
13,54,11
13,55,11
13,56,11
13,57,11
13,58,11
13,59,11
13,60,11
13,61,11
13,77,11
13,78,11
13,79,11
13,80,11
13,81,11
13,82,11
13,83,11
13,84,11
13,25,12
13,26,12
13,29,12
13,30,12
13,31,12
13,78,12
13,79,12
13,80,12
13,81,12
13,82,12
13,83,12
13,25,13
13,27,13
13,28,13
13,29,13
13,25,14
13,26,14
13,27,14
13,23,15
13,24,15
13,21,16
13,22,16
13,23,16
13,21,17
13,11,18
13,12,18
13,13,18
13,8,19
13,9,19
13,10,19
13,7,20
14,33,3
14,34,3
14,35,3
14,37,3
14,38,3
14,39,3
14,40,3
14,41,3
14,43,3
14,44,3
14,45,3
14,78,3
14,79,3
14,80,3
14,81,3
14,82,3
14,83,3
14,28,4
14,29,4
14,30,4
14,32,4
14,33,4
14,46,4
14,47,4
14,48,4
14,49,4
14,50,4
14,51,4
14,52,4
14,54,4
14,55,4
14,56,4
14,57,4
14,58,4
14,59,4
14,60,4
14,61,4
14,62,4
14,63,4
14,64,4
14,65,4
14,66,4
14,76,4
14,77,4
14,78,4
14,79,4
14,80,4
14,81,4
14,82,4
14,83,4
14,84,4
14,92,4
14,93,4
14,94,4
14,27,5
14,66,5
14,76,5
14,77,5
14,78,5
14,79,5
14,82,5
14,83,5
14,84,5
14,85,5
14,90,5
14,91,5
14,92,5
14,93,5
14,94,5
14,27,6
14,66,6
14,75,6
14,76,6
14,77,6
14,84,6
14,85,6
14,86,6
14,27,7
14,66,7
14,75,7
14,76,7
14,77,7
14,84,7
14,85,7
14,86,7
14,27,8
14,66,8
14,75,8
14,76,8
14,80,8
14,81,8
14,85,8
14,86,8
14,27,9
14,33,9
14,34,9
14,35,9
14,36,9
14,37,9
14,66,9
14,75,9
14,76,9
14,80,9
14,81,9
14,84,9
14,85,9
14,86,9
14,26,10
14,33,10
14,37,10
14,38,10
14,39,10
14,40,10
14,62,10
14,63,10
14,64,10
14,65,10
14,75,10
14,76,10
14,77,10
14,84,10
14,85,10
14,86,10
14,26,11
14,32,11
14,33,11
14,41,11
14,42,11
14,43,11
14,44,11
14,45,11
14,46,11
14,47,11
14,48,11
14,49,11
14,50,11
14,52,11
14,53,11
14,54,11
14,55,11
14,56,11
14,57,11
14,58,11
14,59,11
14,60,11
14,61,11
14,75,11
14,76,11
14,77,11
14,78,11
14,83,11
14,84,11
14,85,11
14,86,11
14,29,12
14,30,12
14,31,12
14,76,12
14,77,12
14,78,12
14,79,12
14,80,12
14,81,12
14,82,12
14,83,12
14,84,12
14,85,12
14,24,13
14,25,13
14,27,13
14,28,13
14,29,13
14,77,13
14,78,13
14,79,13
14,80,13
14,81,13
14,82,13
14,83,13
14,84,13
14,24,14
14,25,14
14,26,14
14,27,14
14,79,14
14,80,14
14,81,14
14,82,14
14,23,15
14,24,15
14,21,16
14,22,16
14,23,16
14,21,17
14,11,18
14,12,18
14,13,18
14,14,18
14,15,18
14,16,18
14,17,18
14,8,19
14,9,19
14,10,19
14,14,19
14,15,19
14,16,19
14,5,20
14,6,20
14,7,20
14,8,20
14,9,20
14,10,20
14,11,20
14,12,20
14,13,20
14,3,21
14,4,21
14,5,21
15,15,3
15,17,3
15,18,3
15,19,3
15,20,3
15,22,3
15,33,3
15,34,3
15,35,3
15,36,3
15,37,3
15,38,3
15,39,3
15,40,3
15,41,3
15,42,3
15,43,3
15,44,3
15,45,3
15,46,3
15,14,4
15,17,4
15,18,4
15,19,4
15,20,4
15,22,4
15,23,4
15,27,4
15,28,4
15,29,4
15,30,4
15,31,4
15,32,4
15,33,4
15,47,4
15,48,4
15,49,4
15,50,4
15,51,4
15,52,4
15,53,4
15,54,4
15,55,4
15,56,4
15,57,4
15,58,4
15,59,4
15,60,4
15,61,4
15,62,4
15,63,4
15,64,4
15,65,4
15,66,4
15,14,5
15,15,5
15,16,5
15,17,5
15,18,5
15,19,5
15,20,5
15,21,5
15,22,5
15,23,5
15,27,5
15,66,5
15,13,6
15,14,6
15,15,6
15,16,6
15,21,6
15,22,6
15,23,6
15,24,6
15,27,6
15,66,6
15,12,7
15,14,7
15,15,7
15,22,7
15,23,7
15,25,7
15,27,7
15,66,7
15,79,7
15,80,7
15,81,7
15,12,8
15,13,8
15,14,8
15,23,8
15,25,8
15,27,8
15,66,8
15,79,8
15,80,8
15,81,8
15,12,9
15,13,9
15,14,9
15,23,9
15,24,9
15,25,9
15,27,9
15,33,9
15,34,9
15,35,9
15,36,9
15,37,9
15,66,9
15,79,9
15,80,9
15,81,9
15,13,10
15,14,10
15,23,10
15,24,10
15,26,10
15,33,10
15,37,10
15,38,10
15,39,10
15,40,10
15,62,10
15,63,10
15,64,10
15,65,10
15,12,11
15,14,11
15,23,11
15,25,11
15,26,11
15,32,11
15,33,11
15,39,11
15,40,11
15,41,11
15,42,11
15,43,11
15,44,11
15,45,11
15,46,11
15,47,11
15,48,11
15,49,11
15,50,11
15,52,11
15,53,11
15,54,11
15,55,11
15,56,11
15,57,11
15,58,11
15,59,11
15,60,11
15,61,11
15,14,12
15,15,12
15,22,12
15,23,12
15,25,12
15,26,12
15,29,12
15,30,12
15,31,12
15,13,13
15,15,13
15,16,13
15,21,13
15,22,13
15,24,13
15,25,13
15,27,13
15,28,13
15,29,13
15,14,14
15,16,14
15,17,14
15,18,14
15,19,14
15,20,14
15,21,14
15,23,14
15,24,14
15,25,14
15,26,14
15,27,14
15,15,15
15,22,15
15,23,15
15,24,15
15,17,16
15,18,16
15,19,16
15,20,16
15,21,16
15,22,16
15,23,16
15,21,17
15,11,18
15,12,18
15,13,18
15,14,18
15,15,18
15,16,18
15,8,19
15,9,19
15,10,19
15,13,19
15,14,19
15,15,19
15,16,19
15,5,20
15,6,20
15,7,20
15,8,20
15,9,20
15,10,20
15,11,20
15,12,20
15,13,20
16,15,3
16,16,3
16,17,3
16,18,3
16,19,3
16,20,3
16,21,3
16,22,3
16,33,3
16,34,3
16,35,3
16,37,3
16,38,3
16,39,3
16,40,3
16,41,3
16,43,3
16,44,3
16,45,3
16,14,4
16,15,4
16,16,4
16,17,4
16,18,4
16,19,4
16,20,4
16,21,4
16,22,4
16,23,4
16,27,4
16,28,4
16,29,4
16,30,4
16,31,4
16,32,4
16,33,4
16,46,4
16,47,4
16,48,4
16,49,4
16,50,4
16,51,4
16,52,4
16,53,4
16,54,4
16,55,4
16,56,4
16,57,4
16,58,4
16,59,4
16,60,4
16,61,4
16,62,4
16,63,4
16,64,4
16,65,4
16,66,4
16,13,5
16,14,5
16,15,5
16,16,5
16,17,5
16,20,5
16,21,5
16,22,5
16,23,5
16,24,5
16,27,5
16,66,5
16,12,6
16,13,6
16,14,6
16,15,6
16,22,6
16,23,6
16,24,6
16,25,6
16,27,6
16,66,6
16,12,7
16,13,7
16,14,7
16,23,7
16,24,7
16,25,7
16,27,7
16,66,7
16,79,7
16,80,7
16,81,7
16,82,7
16,12,8
16,13,8
16,14,8
16,23,8
16,24,8
16,25,8
16,27,8
16,66,8
16,79,8
16,80,8
16,81,8
16,82,8
16,12,9
16,13,9
16,24,9
16,25,9
16,27,9
16,33,9
16,34,9
16,35,9
16,36,9
16,37,9
16,66,9
16,79,9
16,80,9
16,81,9
16,82,9
16,12,10
16,13,10
16,14,10
16,23,10
16,24,10
16,25,10
16,26,10
16,33,10
16,37,10
16,38,10
16,39,10
16,62,10
16,63,10
16,64,10
16,65,10
16,12,11
16,13,11
16,14,11
16,23,11
16,24,11
16,25,11
16,26,11
16,32,11
16,33,11
16,38,11
16,39,11
16,40,11
16,41,11
16,42,11
16,43,11
16,44,11
16,45,11
16,46,11
16,47,11
16,48,11
16,49,11
16,50,11
16,52,11
16,53,11
16,54,11
16,55,11
16,56,11
16,57,11
16,58,11
16,59,11
16,60,11
16,61,11
16,12,12
16,13,12
16,14,12
16,15,12
16,23,12
16,24,12
16,25,12
16,26,12
16,29,12
16,30,12
16,31,12
16,13,13
16,14,13
16,15,13
16,16,13
16,21,13
16,22,13
16,23,13
16,24,13
16,25,13
16,27,13
16,28,13
16,29,13
16,13,14
16,14,14
16,15,14
16,16,14
16,17,14
16,18,14
16,19,14
16,20,14
16,21,14
16,22,14
16,23,14
16,24,14
16,25,14
16,26,14
16,27,14
16,14,15
16,15,15
16,16,15
16,17,15
16,18,15
16,19,15
16,20,15
16,21,15
16,22,15
16,23,15
16,24,15
16,16,16
16,17,16
16,18,16
16,19,16
16,20,16
16,21,16
16,22,16
16,23,16
16,21,17
16,11,18
16,12,18
16,8,19
16,9,19
16,10,19
16,7,20
17,33,3
17,34,3
17,35,3
17,36,3
17,37,3
17,38,3
17,40,3
17,41,3
17,42,3
17,43,3
17,44,3
17,45,3
17,46,3
17,27,4
17,28,4
17,29,4
17,30,4
17,31,4
17,32,4
17,33,4
17,36,4
17,37,4
17,38,4
17,39,4
17,40,4
17,42,4
17,43,4
17,46,4
17,47,4
17,49,4
17,50,4
17,52,4
17,53,4
17,54,4
17,55,4
17,56,4
17,57,4
17,58,4
17,59,4
17,60,4
17,61,4
17,62,4
17,63,4
17,64,4
17,65,4
17,66,4
17,27,5
17,27,6
17,66,6
17,27,7
17,66,7
17,79,7
17,80,7
17,81,7
17,82,7
17,27,8
17,66,8
17,79,8
17,80,8
17,81,8
17,82,8
17,27,9
17,33,9
17,34,9
17,35,9
17,36,9
17,66,9
17,79,9
17,80,9
17,81,9
17,82,9
17,26,10
17,36,10
17,37,10
17,62,10
17,63,10
17,64,10
17,65,10
17,79,10
17,81,10
17,82,10
17,26,11
17,32,11
17,33,11
17,36,11
17,37,11
17,38,11
17,39,11
17,40,11
17,41,11
17,42,11
17,43,11
17,44,11
17,45,11
17,46,11
17,47,11
17,48,11
17,49,11
17,50,11
17,52,11
17,53,11
17,54,11
17,55,11
17,56,11
17,57,11
17,58,11
17,59,11
17,60,11
17,61,11
17,25,12
17,26,12
17,29,12
17,30,12
17,31,12
17,25,13
17,27,13
17,28,13
17,29,13
17,25,14
17,26,14
17,27,14
17,23,15
17,24,15
17,21,16
17,22,16
17,23,16
17,21,17
17,11,18
17,12,18
17,8,19
17,9,19
17,10,19
17,7,20
18,45,3
18,28,4
18,29,4
18,30,4
18,32,4
18,33,4
18,34,4
18,35,4
18,36,4
18,37,4
18,38,4
18,39,4
18,40,4
18,41,4
18,42,4
18,43,4
18,44,4
18,45,4
18,46,4
18,47,4
18,48,4
18,49,4
18,50,4
18,51,4
18,52,4
18,54,4
18,55,4
18,56,4
18,57,4
18,58,4
18,59,4
18,60,4
18,61,4
18,62,4
18,63,4
18,64,4
18,65,4
18,66,4
18,92,4
18,93,4
18,94,4
18,27,5
18,66,5
18,90,5
18,91,5
18,92,5
18,93,5
18,94,5
18,27,6
18,66,6
18,27,7
18,66,7
18,79,7
18,80,7
18,81,7
18,82,7
18,27,8
18,66,8
18,79,8
18,80,8
18,81,8
18,82,8
18,27,9
18,33,9
18,34,9
18,35,9
18,36,9
18,66,9
18,79,9
18,80,9
18,81,9
18,82,9
18,26,10
18,33,10
18,34,10
18,35,10
18,36,10
18,62,10
18,63,10
18,64,10
18,65,10
18,79,10
18,81,10
18,82,10
18,26,11
18,32,11
18,33,11
18,34,11
18,35,11
18,36,11
18,37,11
18,38,11
18,39,11
18,40,11
18,41,11
18,42,11
18,43,11
18,44,11
18,45,11
18,46,11
18,47,11
18,48,11
18,49,11
18,50,11
18,52,11
18,53,11
18,54,11
18,55,11
18,56,11
18,57,11
18,58,11
18,59,11
18,60,11
18,61,11
18,29,12
18,30,12
18,31,12
18,24,13
18,25,13
18,27,13
18,28,13
18,29,13
18,24,14
18,25,14
18,26,14
18,27,14
18,23,15
18,24,15
18,21,16
18,22,16
18,23,16
18,21,17
18,11,18
18,12,18
18,13,18
18,8,19
18,9,19
18,10,19
18,7,20
19,27,4
19,28,4
19,29,4
19,30,4
19,31,4
19,32,4
19,33,4
19,34,4
19,35,4
19,36,4
19,37,4
19,38,4
19,39,4
19,40,4
19,41,4
19,42,4
19,43,4
19,44,4
19,45,4
19,46,4
19,47,4
19,48,4
19,49,4
19,50,4
19,51,4
19,52,4
19,53,4
19,54,4
19,55,4
19,56,4
19,57,4
19,58,4
19,59,4
19,60,4
19,61,4
19,62,4
19,63,4
19,64,4
19,65,4
19,66,4
19,27,5
19,66,5
19,27,6
19,27,7
19,79,7
19,81,7
19,82,7
19,27,8
19,66,8
19,79,8
19,81,8
19,82,8
19,27,9
19,66,9
19,79,9
19,81,9
19,82,9
19,26,10
19,62,10
19,63,10
19,64,10
19,65,10
19,79,10
19,81,10
19,82,10
19,26,11
19,32,11
19,33,11
19,34,11
19,35,11
19,36,11
19,37,11
19,38,11
19,39,11
19,40,11
19,41,11
19,42,11
19,43,11
19,44,11
19,45,11
19,46,11
19,47,11
19,48,11
19,49,11
19,50,11
19,52,11
19,53,11
19,54,11
19,55,11
19,56,11
19,57,11
19,58,11
19,59,11
19,60,11
19,61,11
19,25,12
19,26,12
19,29,12
19,30,12
19,31,12
19,24,13
19,25,13
19,27,13
19,28,13
19,29,13
19,24,14
19,25,14
19,26,14
19,27,14
19,23,15
19,24,15
19,21,16
19,22,16
19,23,16
19,21,17
19,11,18
19,12,18
19,13,18
19,14,18
19,15,18
19,16,18
19,8,19
19,9,19
19,10,19
19,13,19
19,14,19
19,15,19
19,16,19
19,5,20
19,6,20
19,7,20
19,8,20
19,9,20
19,10,20
19,11,20
19,12,20
19,13,20
20,34,3
20,36,3
20,37,3
20,38,3
20,39,3
20,40,3
20,41,3
20,42,3
20,44,3
20,45,3
20,47,3
20,48,3
20,49,3
20,50,3
20,52,3
20,53,3
20,55,3
20,56,3
20,58,3
20,59,3
20,60,3
20,61,3
20,62,3
20,63,3
20,64,3
20,65,3
20,66,3
20,67,3
20,68,3
20,69,3
20,70,3
20,71,3
20,72,3
20,73,3
20,74,3
20,75,3
20,76,3
20,77,3
20,78,3
20,79,3
20,80,3
20,28,4
20,29,4
20,30,4
20,31,4
20,32,4
20,33,4
20,34,4
20,35,4
20,36,4
20,37,4
20,38,4
20,39,4
20,40,4
20,41,4
20,42,4
20,43,4
20,44,4
20,45,4
20,46,4
20,47,4
20,48,4
20,49,4
20,50,4
20,52,4
20,53,4
20,54,4
20,55,4
20,56,4
20,57,4
20,58,4
20,59,4
20,60,4
20,61,4
20,62,4
20,63,4
20,64,4
20,65,4
20,66,4
20,67,4
20,68,4
20,69,4
20,70,4
20,71,4
20,72,4
20,73,4
20,74,4
20,75,4
20,76,4
20,77,4
20,78,4
20,79,4
20,80,4
20,81,4
20,92,4
20,93,4
20,94,4
20,95,4
20,28,5
20,29,5
20,30,5
20,31,5
20,32,5
20,33,5
20,34,5
20,35,5
20,36,5
20,37,5
20,38,5
20,39,5
20,40,5
20,41,5
20,42,5
20,43,5
20,44,5
20,45,5
20,46,5
20,47,5
20,48,5
20,49,5
20,50,5
20,52,5
20,53,5
20,54,5
20,55,5
20,56,5
20,57,5
20,58,5
20,59,5
20,60,5
20,61,5
20,62,5
20,63,5
20,64,5
20,65,5
20,66,5
20,67,5
20,68,5
20,69,5
20,70,5
20,71,5
20,72,5
20,73,5
20,74,5
20,75,5
20,76,5
20,77,5
20,78,5
20,79,5
20,80,5
20,81,5
20,90,5
20,91,5
20,92,5
20,93,5
20,94,5
20,95,5
20,27,6
20,28,6
20,29,6
20,30,6
20,31,6
20,32,6
20,33,6
20,34,6
20,35,6
20,36,6
20,37,6
20,38,6
20,39,6
20,40,6
20,41,6
20,42,6
20,43,6
20,44,6
20,45,6
20,46,6
20,47,6
20,48,6
20,49,6
20,50,6
20,52,6
20,53,6
20,54,6
20,55,6
20,56,6
20,57,6
20,58,6
20,59,6
20,60,6
20,61,6
20,62,6
20,63,6
20,64,6
20,65,6
20,66,6
20,67,6
20,68,6
20,69,6
20,70,6
20,71,6
20,72,6
20,73,6
20,74,6
20,75,6
20,76,6
20,77,6
20,78,6
20,79,6
20,80,6
20,81,6
20,27,7
20,28,7
20,29,7
20,30,7
20,31,7
20,32,7
20,33,7
20,34,7
20,35,7
20,36,7
20,37,7
20,38,7
20,39,7
20,40,7
20,41,7
20,42,7
20,43,7
20,44,7
20,45,7
20,46,7
20,47,7
20,48,7
20,49,7
20,50,7
20,52,7
20,53,7
20,54,7
20,55,7
20,56,7
20,57,7
20,58,7
20,59,7
20,60,7
20,61,7
20,62,7
20,63,7
20,64,7
20,65,7
20,66,7
20,67,7
20,68,7
20,69,7
20,70,7
20,71,7
20,72,7
20,73,7
20,74,7
20,75,7
20,76,7
20,77,7
20,78,7
20,79,7
20,80,7
20,81,7
20,82,7
20,27,8
20,28,8
20,29,8
20,30,8
20,31,8
20,32,8
20,33,8
20,34,8
20,35,8
20,36,8
20,37,8
20,38,8
20,39,8
20,40,8
20,41,8
20,42,8
20,43,8
20,44,8
20,45,8
20,46,8
20,47,8
20,48,8
20,49,8
20,50,8
20,52,8
20,53,8
20,54,8
20,55,8
20,56,8
20,57,8
20,58,8
20,59,8
20,60,8
20,61,8
20,62,8
20,63,8
20,64,8
20,65,8
20,66,8
20,67,8
20,68,8
20,69,8
20,70,8
20,71,8
20,72,8
20,73,8
20,74,8
20,75,8
20,76,8
20,77,8
20,78,8
20,79,8
20,80,8
20,81,8
20,27,9
20,28,9
20,29,9
20,30,9
20,31,9
20,32,9
20,33,9
20,34,9
20,35,9
20,36,9
20,37,9
20,38,9
20,39,9
20,40,9
20,41,9
20,42,9
20,43,9
20,44,9
20,45,9
20,46,9
20,47,9
20,48,9
20,49,9
20,50,9
20,52,9
20,53,9
20,54,9
20,55,9
20,56,9
20,57,9
20,58,9
20,59,9
20,60,9
20,61,9
20,62,9
20,63,9
20,64,9
20,65,9
20,66,9
20,67,9
20,68,9
20,69,9
20,70,9
20,71,9
20,72,9
20,73,9
20,74,9
20,75,9
20,76,9
20,77,9
20,78,9
20,79,9
20,80,9
20,81,9
20,82,9
20,27,10
20,28,10
20,29,10
20,30,10
20,31,10
20,32,10
20,33,10
20,34,10
20,35,10
20,36,10
20,37,10
20,38,10
20,39,10
20,40,10
20,41,10
20,42,10
20,43,10
20,44,10
20,45,10
20,46,10
20,47,10
20,48,10
20,49,10
20,50,10
20,52,10
20,53,10
20,54,10
20,55,10
20,56,10
20,57,10
20,58,10
20,59,10
20,60,10
20,61,10
20,62,10
20,63,10
20,64,10
20,65,10
20,66,10
20,67,10
20,68,10
20,69,10
20,70,10
20,71,10
20,72,10
20,73,10
20,74,10
20,75,10
20,76,10
20,77,10
20,78,10
20,79,10
20,80,10
20,81,10
20,82,10
20,26,11
20,27,11
20,28,11
20,29,11
20,30,11
20,31,11
20,32,11
20,33,11
20,34,11
20,35,11
20,36,11
20,37,11
20,38,11
20,39,11
20,40,11
20,41,11
20,42,11
20,43,11
20,44,11
20,45,11
20,46,11
20,47,11
20,48,11
20,49,11
20,50,11
20,52,11
20,53,11
20,54,11
20,55,11
20,56,11
20,57,11
20,58,11
20,59,11
20,60,11
20,61,11
20,62,11
20,63,11
20,64,11
20,65,11
20,66,11
20,67,11
20,68,11
20,69,11
20,70,11
20,71,11
20,72,11
20,73,11
20,74,11
20,75,11
20,76,11
20,77,11
20,78,11
20,79,11
20,80,11
20,81,11
20,25,12
20,26,12
20,27,12
20,28,12
20,29,12
20,30,12
20,34,12
20,36,12
20,37,12
20,38,12
20,39,12
20,40,12
20,41,12
20,42,12
20,44,12
20,45,12
20,47,12
20,48,12
20,49,12
20,50,12
20,52,12
20,53,12
20,55,12
20,56,12
20,58,12
20,59,12
20,60,12
20,61,12
20,62,12
20,63,12
20,64,12
20,65,12
20,66,12
20,67,12
20,68,12
20,69,12
20,70,12
20,71,12
20,72,12
20,73,12
20,74,12
20,75,12
20,76,12
20,77,12
20,78,12
20,79,12
20,80,12
20,81,12
20,25,13
20,26,13
20,27,13
20,28,13
20,34,13
20,36,13
20,37,13
20,38,13
20,39,13
20,40,13
20,41,13
20,42,13
20,44,13
20,45,13
20,47,13
20,48,13
20,49,13
20,50,13
20,52,13
20,53,13
20,55,13
20,56,13
20,58,13
20,59,13
20,60,13
20,61,13
20,62,13
20,63,13
20,64,13
20,65,13
20,66,13
20,67,13
20,68,13
20,69,13
20,70,13
20,71,13
20,72,13
20,73,13
20,74,13
20,75,13
20,76,13
20,77,13
20,78,13
20,79,13
20,80,13
20,24,14
20,25,14
20,26,14
20,27,14
20,39,14
20,45,14
20,47,14
20,49,14
20,50,14
20,52,14
20,53,14
20,55,14
20,56,14
20,58,14
20,59,14
20,60,14
20,61,14
20,65,14
20,68,14
20,69,14
20,70,14
20,71,14
20,72,14
20,73,14
20,74,14
20,75,14
20,76,14
20,77,14
20,78,14
20,79,14
20,80,14
20,4,15
20,5,15
20,6,15
20,7,15
20,8,15
20,9,15
20,10,15
20,11,15
20,12,15
20,13,15
20,14,15
20,15,15
20,16,15
20,17,15
20,18,15
20,19,15
20,20,15
20,21,15
20,22,15
20,23,15
20,24,15
20,39,15
20,45,15
20,47,15
20,49,15
20,50,15
20,52,15
20,53,15
20,55,15
20,56,15
20,58,15
20,61,15
20,65,15
20,68,15
20,69,15
20,70,15
20,71,15
20,72,15
20,73,15
20,74,15
20,75,15
20,76,15
20,77,15
20,78,15
20,79,15
20,4,16
20,5,16
20,6,16
20,7,16
20,8,16
20,9,16
20,10,16
20,11,16
20,12,16
20,13,16
20,14,16
20,15,16
20,16,16
20,17,16
20,18,16
20,19,16
20,20,16
20,21,16
20,22,16
20,23,16
20,24,16
20,25,16
20,26,16
20,27,16
20,39,16
20,45,16
20,47,16
20,49,16
20,50,16
20,52,16
20,53,16
20,55,16
20,56,16
20,58,16
20,76,16
20,77,16
20,78,16
20,4,17
20,5,17
20,6,17
20,7,17
20,8,17
20,9,17
20,10,17
20,11,17
20,12,17
20,13,17
20,14,17
20,15,17
20,16,17
20,17,17
20,18,17
20,19,17
20,20,17
20,21,17
20,22,17
20,23,17
20,24,17
20,25,17
20,11,18
20,12,18
20,8,19
20,9,19
20,10,19
20,7,20
21,25,3
21,27,3
21,28,3
21,29,3
21,30,3
21,31,3
21,32,3
21,34,3
21,36,3
21,38,3
21,39,3
21,40,3
21,41,3
21,42,3
21,44,3
21,47,3
21,48,3
21,49,3
21,50,3
21,52,3
21,53,3
21,55,3
21,56,3
21,58,3
21,59,3
21,60,3
21,61,3
21,62,3
21,63,3
21,64,3
21,65,3
21,66,3
21,67,3
21,68,3
21,69,3
21,70,3
21,71,3
21,72,3
21,73,3
21,74,3
21,75,3
21,76,3
21,77,3
21,78,3
21,79,3
21,80,3
21,81,3
21,82,3
21,83,3
21,84,3
21,85,3
21,86,3
21,87,3
21,25,4
21,27,4
21,28,4
21,29,4
21,30,4
21,31,4
21,32,4
21,82,4
21,83,4
21,84,4
21,85,4
21,86,4
21,87,4
21,25,5
21,27,5
21,28,5
21,29,5
21,30,5
21,31,5
21,32,5
21,61,5
21,69,5
21,70,5
21,72,5
21,74,5
21,82,5
21,83,5
21,84,5
21,85,5
21,86,5
21,87,5
21,25,6
21,27,6
21,28,6
21,29,6
21,30,6
21,31,6
21,32,6
21,58,6
21,60,6
21,61,6
21,62,6
21,63,6
21,64,6
21,65,6
21,66,6
21,67,6
21,68,6
21,69,6
21,70,6
21,71,6
21,72,6
21,73,6
21,74,6
21,75,6
21,76,6
21,82,6
21,83,6
21,84,6
21,85,6
21,86,6
21,87,6
21,25,7
21,27,7
21,28,7
21,29,7
21,30,7
21,31,7
21,32,7
21,58,7
21,59,7
21,60,7
21,61,7
21,62,7
21,63,7
21,64,7
21,65,7
21,66,7
21,68,7
21,69,7
21,70,7
21,71,7
21,72,7
21,74,7
21,76,7
21,78,7
21,79,7
21,82,7
21,83,7
21,84,7
21,85,7
21,86,7
21,87,7
21,25,8
21,27,8
21,28,8
21,29,8
21,30,8
21,31,8
21,32,8
21,76,8
21,82,8
21,83,8
21,84,8
21,85,8
21,86,8
21,87,8
21,25,9
21,27,9
21,28,9
21,29,9
21,30,9
21,31,9
21,32,9
21,58,9
21,76,9
21,79,9
21,82,9
21,83,9
21,84,9
21,85,9
21,86,9
21,87,9
21,25,10
21,27,10
21,28,10
21,29,10
21,30,10
21,31,10
21,32,10
21,58,10
21,76,10
21,78,10
21,79,10
21,82,10
21,83,10
21,84,10
21,85,10
21,86,10
21,87,10
21,25,11
21,27,11
21,28,11
21,29,11
21,30,11
21,31,11
21,32,11
21,58,11
21,76,11
21,82,11
21,83,11
21,84,11
21,85,11
21,86,11
21,87,11
21,25,12
21,26,12
21,27,12
21,29,12
21,30,12
21,31,12
21,32,12
21,58,12
21,59,12
21,60,12
21,61,12
21,62,12
21,63,12
21,64,12
21,65,12
21,66,12
21,67,12
21,68,12
21,69,12
21,70,12
21,71,12
21,72,12
21,73,12
21,75,12
21,76,12
21,82,12
21,83,12
21,84,12
21,85,12
21,24,13
21,25,13
21,26,13
21,27,13
21,30,13
21,31,13
21,32,13
21,58,13
21,59,13
21,60,13
21,61,13
21,62,13
21,63,13
21,64,13
21,65,13
21,66,13
21,68,13
21,69,13
21,70,13
21,72,13
21,74,13
21,76,13
21,80,13
21,81,13
21,82,13
21,83,13
21,22,14
21,23,14
21,24,14
21,25,14
21,28,14
21,29,14
21,30,14
21,31,14
21,32,14
21,58,14
21,59,14
21,60,14
21,61,14
21,62,14
21,63,14
21,64,14
21,65,14
21,66,14
21,67,14
21,68,14
21,69,14
21,70,14
21,71,14
21,72,14
21,73,14
21,74,14
21,75,14
21,76,14
21,80,14
21,81,14
21,4,15
21,5,15
21,6,15
21,7,15
21,8,15
21,9,15
21,10,15
21,11,15
21,12,15
21,13,15
21,14,15
21,15,15
21,16,15
21,17,15
21,18,15
21,19,15
21,20,15
21,21,15
21,22,15
21,23,15
21,24,15
21,25,15
21,26,15
21,27,15
21,28,15
21,29,15
21,30,15
21,32,15
21,58,15
21,59,15
21,60,15
21,61,15
21,62,15
21,64,15
21,65,15
21,67,15
21,68,15
21,69,15
21,70,15
21,71,15
21,72,15
21,73,15
21,74,15
21,75,15
21,76,15
21,78,15
21,79,15
21,80,15
21,14,16
21,15,16
21,16,16
21,17,16
21,18,16
21,19,16
21,20,16
21,21,16
21,22,16
21,23,16
21,24,16
21,25,16
21,26,16
21,27,16
21,28,16
21,29,16
21,39,16
21,47,16
21,50,16
21,58,16
21,59,16
21,60,16
21,61,16
21,65,16
21,68,16
21,69,16
21,70,16
21,71,16
21,72,16
21,73,16
21,74,16
21,75,16
21,76,16
21,77,16
21,78,16
21,79,16
21,4,17
21,5,17
21,6,17
21,7,17
21,8,17
21,9,17
21,10,17
21,11,17
21,12,17
21,13,17
21,14,17
21,15,17
21,16,17
21,17,17
21,18,17
21,19,17
21,20,17
21,21,17
21,22,17
21,23,17
21,24,17
21,25,17
21,26,17
21,39,17
21,45,17
21,47,17
21,49,17
21,50,17
21,52,17
21,53,17
21,55,17
21,56,17
21,58,17
21,59,17
21,60,17
21,77,17
21,78,17
21,11,18
21,12,18
21,13,18
21,14,18
21,15,18
21,16,18
21,17,18
21,45,18
21,47,18
21,49,18
21,50,18
21,52,18
21,53,18
21,55,18
21,56,18
21,58,18
21,59,18
21,60,18
21,8,19
21,9,19
21,10,19
21,14,19
21,15,19
21,16,19
21,49,19
21,50,19
21,52,19
21,53,19
21,55,19
21,56,19
21,58,19
21,5,20
21,6,20
21,7,20
21,8,20
21,9,20
21,10,20
21,11,20
21,12,20
21,13,20
21,3,21
21,4,21
21,5,21
22,18,3
22,19,3
22,21,3
22,24,3
22,25,3
22,27,3
22,28,3
22,29,3
22,30,3
22,31,3
22,32,3
22,34,3
22,36,3
22,37,3
22,39,3
22,40,3
22,42,3
22,44,3
22,45,3
22,47,3
22,48,3
22,49,3
22,50,3
22,52,3
22,53,3
22,55,3
22,56,3
22,58,3
22,59,3
22,60,3
22,61,3
22,62,3
22,63,3
22,64,3
22,65,3
22,66,3
22,67,3
22,68,3
22,69,3
22,70,3
22,71,3
22,72,3
22,73,3
22,74,3
22,75,3
22,76,3
22,77,3
22,78,3
22,79,3
22,80,3
22,81,3
22,82,3
22,83,3
22,84,3
22,85,3
22,86,3
22,87,3
22,88,3
22,89,3
22,90,3
22,18,4
22,19,4
22,21,4
22,24,4
22,88,4
22,89,4
22,90,4
22,18,5
22,19,5
22,21,5
22,24,5
22,58,5
22,59,5
22,60,5
22,61,5
22,62,5
22,63,5
22,64,5
22,65,5
22,66,5
22,67,5
22,68,5
22,69,5
22,70,5
22,71,5
22,72,5
22,73,5
22,74,5
22,75,5
22,76,5
22,88,5
22,89,5
22,90,5
22,18,6
22,19,6
22,21,6
22,24,6
22,58,6
22,76,6
22,88,6
22,89,6
22,90,6
22,18,7
22,19,7
22,21,7
22,24,7
22,58,7
22,76,7
22,88,7
22,89,7
22,90,7
22,18,8
22,19,8
22,21,8
22,24,8
22,28,8
22,29,8
22,58,8
22,76,8
22,88,8
22,89,8
22,90,8
22,18,9
22,19,9
22,21,9
22,24,9
22,28,9
22,29,9
22,32,9
22,33,9
22,58,9
22,76,9
22,88,9
22,89,9
22,90,9
22,18,10
22,21,10
22,24,10
22,27,10
22,28,10
22,32,10
22,33,10
22,76,10
22,88,10
22,89,10
22,90,10
22,18,11
22,26,11
22,27,11
22,28,11
22,29,11
22,31,11
22,32,11
22,33,11
22,58,11
22,76,11
22,86,11
22,87,11
22,88,11
22,89,11
22,25,12
22,26,12
22,27,12
22,28,12
22,29,12
22,31,12
22,32,12
22,33,12
22,58,12
22,76,12
22,84,12
22,85,12
22,86,12
22,87,12
22,25,13
22,26,13
22,27,13
22,28,13
22,29,13
22,30,13
22,31,13
22,32,13
22,33,13
22,58,13
22,76,13
22,77,13
22,82,13
22,83,13
22,84,13
22,85,13
22,24,14
22,25,14
22,26,14
22,27,14
22,28,14
22,29,14
22,30,14
22,31,14
22,32,14
22,76,14
22,77,14
22,81,14
22,82,14
22,83,14
22,4,15
22,5,15
22,6,15
22,7,15
22,8,15
22,9,15
22,10,15
22,11,15
22,12,15
22,13,15
22,14,15
22,15,15
22,16,15
22,17,15
22,18,15
22,19,15
22,20,15
22,21,15
22,22,15
22,23,15
22,24,15
22,25,15
22,26,15
22,28,15
22,29,15
22,30,15
22,31,15
22,32,15
22,58,15
22,59,15
22,60,15
22,64,15
22,65,15
22,66,15
22,72,15
22,73,15
22,74,15
22,76,15
22,80,15
22,81,15
22,4,16
22,5,16
22,6,16
22,7,16
22,8,16
22,9,16
22,10,16
22,11,16
22,12,16
22,13,16
22,14,16
22,15,16
22,16,16
22,17,16
22,18,16
22,19,16
22,20,16
22,21,16
22,22,16
22,23,16
22,24,16
22,25,16
22,26,16
22,27,16
22,28,16
22,29,16
22,30,16
22,58,16
22,59,16
22,60,16
22,63,16
22,65,16
22,66,16
22,70,16
22,71,16
22,72,16
22,73,16
22,74,16
22,75,16
22,76,16
22,78,16
22,79,16
22,80,16
22,4,17
22,5,17
22,6,17
22,7,17
22,8,17
22,9,17
22,10,17
22,11,17
22,12,17
22,13,17
22,14,17
22,15,17
22,16,17
22,17,17
22,18,17
22,19,17
22,20,17
22,21,17
22,22,17
22,23,17
22,24,17
22,25,17
22,26,17
22,27,17
22,39,17
22,58,17
22,59,17
22,60,17
22,63,17
22,64,17
22,65,17
22,66,17
22,67,17
22,73,17
22,74,17
22,75,17
22,76,17
22,77,17
22,78,17
22,11,18
22,12,18
22,13,18
22,58,18
22,59,18
22,60,18
22,62,18
22,63,18
22,64,18
22,65,18
22,66,18
22,8,19
22,9,19
22,10,19
22,45,19
22,50,19
22,52,19
22,53,19
22,58,19
22,59,19
22,60,19
22,63,19
22,64,19
22,65,19
22,66,19
22,67,19
22,52,20
22,53,20
22,55,20
22,56,20
22,58,20
22,59,20
22,60,20
22,63,20
22,64,20
22,65,20
22,66,20
22,52,21
22,55,21
22,56,21
22,58,21
22,59,21
22,60,21
22,65,21
22,59,22
23,18,3
23,19,3
23,21,3
23,24,3
23,25,3
23,27,3
23,28,3
23,29,3
23,30,3
23,31,3
23,32,3
23,34,3
23,36,3
23,37,3
23,38,3
23,39,3
23,41,3
23,42,3
23,44,3
23,45,3
23,47,3
23,48,3
23,49,3
23,50,3
23,52,3
23,53,3
23,55,3
23,56,3
23,58,3
23,60,3
23,61,3
23,62,3
23,63,3
23,64,3
23,65,3
23,66,3
23,67,3
23,68,3
23,69,3
23,70,3
23,71,3
23,72,3
23,73,3
23,74,3
23,75,3
23,76,3
23,77,3
23,78,3
23,79,3
23,80,3
23,81,3
23,82,3
23,83,3
23,84,3
23,85,3
23,86,3
23,87,3
23,88,3
23,89,3
23,90,3
23,91,3
23,92,3
23,18,4
23,58,4
23,59,4
23,60,4
23,61,4
23,62,4
23,63,4
23,64,4
23,65,4
23,66,4
23,67,4
23,68,4
23,69,4
23,70,4
23,71,4
23,72,4
23,73,4
23,74,4
23,75,4
23,76,4
23,91,4
23,92,4
23,93,4
23,94,4
23,18,5
23,58,5
23,60,5
23,64,5
23,76,5
23,90,5
23,91,5
23,92,5
23,93,5
23,94,5
23,28,6
23,29,6
23,58,6
23,76,6
23,91,6
23,92,6
23,18,7
23,28,7
23,29,7
23,33,7
23,58,7
23,91,7
23,92,7
23,18,8
23,28,8
23,29,8
23,30,8
23,31,8
23,32,8
23,33,8
23,58,8
23,76,8
23,91,8
23,92,8
23,18,9
23,28,9
23,29,9
23,30,9
23,31,9
23,32,9
23,33,9
23,34,9
23,35,9
23,58,9
23,90,9
23,91,9
23,92,9
23,27,10
23,28,10
23,30,10
23,31,10
23,32,10
23,33,10
23,34,10
23,35,10
23,58,10
23,76,10
23,90,10
23,18,11
23,28,11
23,29,11
23,30,11
23,32,11
23,33,11
23,34,11
23,58,11
23,77,11
23,88,11
23,89,11
23,90,11
23,18,12
23,28,12
23,29,12
23,30,12
23,32,12
23,33,12
23,34,12
23,58,12
23,77,12
23,86,12
23,87,12
23,88,12
23,25,13
23,27,13
23,28,13
23,29,13
23,31,13
23,32,13
23,33,13
23,77,13
23,83,13
23,84,13
23,85,13
23,86,13
23,25,14
23,26,14
23,27,14
23,28,14
23,30,14
23,31,14
23,32,14
23,58,14
23,77,14
23,82,14
23,83,14
23,30,15
23,31,15
23,32,15
23,58,15
23,62,15
23,63,15
23,67,15
23,68,15
23,77,15
23,80,15
23,81,15
23,32,16
23,58,16
23,62,16
23,63,16
23,67,16
23,68,16
23,74,16
23,75,16
23,76,16
23,77,16
23,79,16
23,80,16
23,39,17
23,58,17
23,62,17
23,63,17
23,67,17
23,68,17
23,74,17
23,75,17
23,76,17
23,77,17
23,78,17
23,79,17
23,11,18
23,12,18
23,13,18
23,14,18
23,15,18
23,16,18
23,39,18
23,58,18
23,61,18
23,68,18
23,77,18
23,78,18
23,8,19
23,9,19
23,10,19
23,13,19
23,14,19
23,15,19
23,16,19
23,45,19
23,59,19
23,60,19
23,62,19
23,68,19
23,5,20
23,6,20
23,7,20
23,8,20
23,9,20
23,10,20
23,11,20
23,12,20
23,13,20
23,45,20
23,59,20
23,60,20
23,62,20
23,63,20
23,67,20
23,68,20
23,52,21
23,58,21
23,59,21
23,60,21
23,62,21
23,63,21
23,64,21
23,65,21
23,66,21
23,67,21
23,52,22
23,56,22
23,58,22
23,59,22
23,60,22
23,65,22
23,58,23
23,59,23
23,60,23
23,58,24
24,18,3
24,19,3
24,21,3
24,24,3
24,25,3
24,27,3
24,28,3
24,29,3
24,30,3
24,31,3
24,32,3
24,34,3
24,36,3
24,37,3
24,38,3
24,39,3
24,40,3
24,41,3
24,42,3
24,44,3
24,45,3
24,47,3
24,48,3
24,49,3
24,50,3
24,52,3
24,53,3
24,55,3
24,58,3
24,59,3
24,60,3
24,61,3
24,62,3
24,63,3
24,64,3
24,65,3
24,66,3
24,68,3
24,69,3
24,70,3
24,71,3
24,72,3
24,73,3
24,74,3
24,75,3
24,76,3
24,77,3
24,78,3
24,80,3
24,81,3
24,82,3
24,83,3
24,84,3
24,85,3
24,86,3
24,87,3
24,88,3
24,89,3
24,90,3
24,91,3
24,92,3
24,93,3
24,94,3
24,95,3
24,18,4
24,58,4
24,60,4
24,61,4
24,62,4
24,63,4
24,64,4
24,68,4
24,69,4
24,70,4
24,71,4
24,72,4
24,73,4
24,74,4
24,75,4
24,76,4
24,92,4
24,93,4
24,94,4
24,95,4
24,18,5
24,58,5
24,76,5
24,90,5
24,91,5
24,92,5
24,93,5
24,94,5
24,95,5
24,18,6
24,28,6
24,29,6
24,31,6
24,32,6
24,58,6
24,76,6
24,93,6
24,94,6
24,95,6
24,28,7
24,29,7
24,31,7
24,33,7
24,34,7
24,35,7
24,58,7
24,76,7
24,93,7
24,94,7
24,95,7
24,30,8
24,31,8
24,33,8
24,34,8
24,35,8
24,58,8
24,76,8
24,93,8
24,94,8
24,30,9
24,31,9
24,34,9
24,35,9
24,58,9
24,76,9
24,92,9
24,93,9
24,30,10
24,31,10
24,34,10
24,35,10
24,58,10
24,77,10
24,90,10
24,91,10
24,30,11
24,33,11
24,34,11
24,58,11
24,77,11
24,90,11
24,18,12
24,19,12
24,20,12
24,21,12
24,28,12
24,29,12
24,33,12
24,34,12
24,87,12
24,88,12
24,89,12
24,17,13
24,18,13
24,19,13
24,20,13
24,21,13
24,22,13
24,28,13
24,29,13
24,31,13
24,32,13
24,34,13
24,35,13
24,58,13
24,77,13
24,84,13
24,85,13
24,86,13
24,87,13
24,16,14
24,17,14
24,18,14
24,19,14
24,20,14
24,21,14
24,25,14
24,31,14
24,32,14
24,58,14
24,77,14
24,82,14
24,83,14
24,84,14
24,15,15
24,16,15
24,17,15
24,18,15
24,19,15
24,61,15
24,62,15
24,68,15
24,77,15
24,81,15
24,82,15
24,14,16
24,15,16
24,16,16
24,17,16
24,18,16
24,32,16
24,58,16
24,61,16
24,62,16
24,68,16
24,77,16
24,80,16
24,13,17
24,14,17
24,15,17
24,16,17
24,58,17
24,61,17
24,68,17
24,76,17
24,77,17
24,78,17
24,79,17
24,11,18
24,12,18
24,13,18
24,14,18
24,15,18
24,16,18
24,17,18
24,39,18
24,58,18
24,61,18
24,68,18
24,77,18
24,78,18
24,8,19
24,9,19
24,10,19
24,12,19
24,13,19
24,14,19
24,15,19
24,16,19
24,17,19
24,58,19
24,61,19
24,68,19
24,69,19
24,5,20
24,6,20
24,7,20
24,8,20
24,9,20
24,10,20
24,11,20
24,12,20
24,13,20
24,45,20
24,58,20
24,62,20
24,68,20
24,3,21
24,4,21
24,5,21
24,58,21
24,62,21
24,63,21
24,67,21
24,68,21
24,52,22
24,59,22
24,60,22
24,63,22
24,64,22
24,65,22
24,66,22
24,67,22
24,59,23
24,60,23
24,58,24
24,59,24
24,60,24
25,18,3
25,19,3
25,21,3
25,24,3
25,25,3
25,27,3
25,28,3
25,29,3
25,30,3
25,31,3
25,32,3
25,34,3
25,36,3
25,37,3
25,38,3
25,39,3
25,40,3
25,41,3
25,42,3
25,44,3
25,45,3
25,47,3
25,48,3
25,49,3
25,50,3
25,53,3
25,55,3
25,56,3
25,58,3
25,59,3
25,60,3
25,61,3
25,62,3
25,63,3
25,64,3
25,65,3
25,66,3
25,67,3
25,68,3
25,69,3
25,70,3
25,72,3
25,74,3
25,76,3
25,78,3
25,79,3
25,80,3
25,81,3
25,82,3
25,83,3
25,84,3
25,85,3
25,86,3
25,87,3
25,88,3
25,89,3
25,90,3
25,91,3
25,92,3
25,93,3
25,94,3
25,95,3
25,96,3
25,97,3
25,98,3
25,18,4
25,58,4
25,59,4
25,60,4
25,61,4
25,62,4
25,63,4
25,64,4
25,65,4
25,66,4
25,67,4
25,68,4
25,69,4
25,70,4
25,71,4
25,72,4
25,73,4
25,74,4
25,75,4
25,76,4
25,92,4
25,93,4
25,94,4
25,96,4
25,97,4
25,98,4
25,18,5
25,58,5
25,76,5
25,90,5
25,91,5
25,92,5
25,93,5
25,94,5
25,95,5
25,96,5
25,97,5
25,18,6
25,31,6
25,32,6
25,58,6
25,76,6
25,96,6
25,18,7
25,31,7
25,34,7
25,35,7
25,58,7
25,76,7
25,95,7
25,18,8
25,34,8
25,35,8
25,58,8
25,94,8
25,18,9
25,58,9
25,76,9
25,92,9
25,93,9
25,18,10
25,77,10
25,91,10
25,92,10
25,18,11
25,29,11
25,58,11
25,77,11
25,90,11
25,18,12
25,28,12
25,29,12
25,33,12
25,77,12
25,88,12
25,89,12
25,90,12
25,28,13
25,29,13
25,31,13
25,33,13
25,34,13
25,35,13
25,58,13
25,77,13
25,85,13
25,86,13
25,87,13
25,25,14
25,31,14
25,34,14
25,35,14
25,58,14
25,77,14
25,83,14
25,84,14
25,61,15
25,68,15
25,69,15
25,81,15
25,82,15
25,32,16
25,58,16
25,69,16
25,80,16
25,58,17
25,61,17
25,69,17
25,79,17
25,80,17
25,11,18
25,12,18
25,39,18
25,58,18
25,61,18
25,69,18
25,78,18
25,8,19
25,9,19
25,10,19
25,61,19
25,69,19
25,7,20
25,45,20
25,61,20
25,68,20
25,69,20
25,62,21
25,68,21
25,52,22
25,63,22
25,64,22
25,65,22
25,66,22
25,67,22
25,59,23
25,60,23
25,58,24
25,59,24
25,60,24
25,58,25
26,18,3
26,19,3
26,21,3
26,24,3
26,25,3
26,27,3
26,28,3
26,29,3
26,30,3
26,31,3
26,32,3
26,34,3
26,36,3
26,37,3
26,38,3
26,39,3
26,40,3
26,41,3
26,42,3
26,44,3
26,45,3
26,47,3
26,48,3
26,49,3
26,50,3
26,52,3
26,53,3
26,55,3
26,56,3
26,58,3
26,59,3
26,60,3
26,61,3
26,62,3
26,63,3
26,64,3
26,65,3
26,66,3
26,67,3
26,68,3
26,69,3
26,70,3
26,71,3
26,72,3
26,73,3
26,74,3
26,75,3
26,76,3
26,77,3
26,78,3
26,79,3
26,80,3
26,81,3
26,82,3
26,83,3
26,84,3
26,85,3
26,86,3
26,87,3
26,88,3
26,89,3
26,90,3
26,91,3
26,92,3
26,93,3
26,94,3
26,95,3
26,96,3
26,97,3
26,98,3
26,58,4
26,60,4
26,61,4
26,62,4
26,63,4
26,64,4
26,68,4
26,69,4
26,70,4
26,71,4
26,72,4
26,73,4
26,74,4
26,75,4
26,76,4
26,97,4
26,98,4
26,18,5
26,58,5
26,76,5
26,97,5
26,18,6
26,58,6
26,76,6
26,96,6
26,18,7
26,58,7
26,76,7
26,95,7
26,18,8
26,58,8
26,76,8
26,94,8
26,18,9
26,58,9
26,76,9
26,93,9
26,58,10
26,77,10
26,91,10
26,92,10
26,18,11
26,28,11
26,29,11
26,58,11
26,77,11
26,90,11
26,18,12
26,28,12
26,29,12
26,30,12
26,31,12
26,32,12
26,33,12
26,77,12
26,88,12
26,89,12
26,90,12
26,30,13
26,31,13
26,33,13
26,34,13
26,35,13
26,58,13
26,77,13
26,85,13
26,86,13
26,87,13
26,25,14
26,34,14
26,35,14
26,58,14
26,77,14
26,83,14
26,84,14
26,61,15
26,68,15
26,69,15
26,81,15
26,82,15
26,32,16
26,58,16
26,61,16
26,69,16
26,80,16
26,58,17
26,61,17
26,69,17
26,79,17
26,80,17
26,10,18
26,11,18
26,12,18
26,13,18
26,14,18
26,15,18
26,16,18
26,39,18
26,58,18
26,61,18
26,78,18
26,8,19
26,9,19
26,10,19
26,13,19
26,14,19
26,15,19
26,16,19
26,61,19
26,69,19
26,5,20
26,6,20
26,7,20
26,8,20
26,9,20
26,10,20
26,11,20
26,12,20
26,13,20
26,45,20
26,61,20
26,68,20
26,69,20
26,61,21
26,62,21
26,68,21
26,52,22
26,62,22
26,63,22
26,64,22
26,65,22
26,66,22
26,67,22
26,59,23
26,60,23
26,58,24
26,59,24
26,60,24
26,58,25
27,18,3
27,19,3
27,21,3
27,24,3
27,25,3
27,27,3
27,28,3
27,29,3
27,30,3
27,31,3
27,32,3
27,34,3
27,36,3
27,37,3
27,38,3
27,39,3
27,40,3
27,41,3
27,42,3
27,44,3
27,45,3
27,47,3
27,48,3
27,49,3
27,50,3
27,52,3
27,53,3
27,55,3
27,56,3
27,58,3
27,59,3
27,60,3
27,61,3
27,62,3
27,63,3
27,64,3
27,65,3
27,66,3
27,67,3
27,68,3
27,69,3
27,70,3
27,71,3
27,72,3
27,73,3
27,74,3
27,75,3
27,76,3
27,77,3
27,78,3
27,79,3
27,80,3
27,81,3
27,82,3
27,83,3
27,84,3
27,85,3
27,86,3
27,87,3
27,88,3
27,89,3
27,90,3
27,91,3
27,92,3
27,93,3
27,94,3
27,95,3
27,96,3
27,18,4
27,58,4
27,59,4
27,60,4
27,61,4
27,62,4
27,63,4
27,64,4
27,65,4
27,66,4
27,67,4
27,68,4
27,69,4
27,70,4
27,71,4
27,72,4
27,73,4
27,74,4
27,75,4
27,76,4
27,92,4
27,93,4
27,94,4
27,95,4
27,96,4
27,18,5
27,58,5
27,76,5
27,90,5
27,91,5
27,92,5
27,93,5
27,94,5
27,95,5
27,96,5
27,18,6
27,58,6
27,76,6
27,95,6
27,96,6
27,18,7
27,58,7
27,76,7
27,94,7
27,95,7
27,18,8
27,58,8
27,76,8
27,93,8
27,94,8
27,18,9
27,58,9
27,76,9
27,92,9
27,93,9
27,58,10
27,77,10
27,91,10
27,92,10
27,18,11
27,27,11
27,28,11
27,29,11
27,32,11
27,33,11
27,58,11
27,77,11
27,90,11
27,18,12
27,28,12
27,29,12
27,30,12
27,31,12
27,32,12
27,33,12
27,34,12
27,35,12
27,77,12
27,88,12
27,89,12
27,30,13
27,31,13
27,34,13
27,35,13
27,58,13
27,77,13
27,85,13
27,86,13
27,87,13
27,25,14
27,58,14
27,77,14
27,83,14
27,84,14
27,61,15
27,62,15
27,68,15
27,81,15
27,82,15
27,32,16
27,58,16
27,61,16
27,68,16
27,80,16
27,58,17
27,61,17
27,68,17
27,69,17
27,78,17
27,79,17
27,80,17
27,10,18
27,11,18
27,12,18
27,13,18
27,14,18
27,15,18
27,16,18
27,39,18
27,58,18
27,61,18
27,69,18
27,78,18
27,8,19
27,9,19
27,10,19
27,13,19
27,14,19
27,15,19
27,16,19
27,61,19
27,69,19
27,5,20
27,6,20
27,7,20
27,8,20
27,9,20
27,10,20
27,11,20
27,12,20
27,13,20
27,45,20
27,61,20
27,68,20
27,62,21
27,67,21
27,68,21
27,52,22
27,63,22
27,64,22
27,65,22
27,66,22
27,67,22
27,59,23
27,60,23
27,58,24
27,59,24
27,60,24
28,18,3
28,19,3
28,21,3
28,24,3
28,25,3
28,27,3
28,28,3
28,29,3
28,30,3
28,31,3
28,32,3
28,34,3
28,36,3
28,37,3
28,38,3
28,40,3
28,41,3
28,42,3
28,44,3
28,45,3
28,47,3
28,48,3
28,49,3
28,50,3
28,52,3
28,53,3
28,55,3
28,56,3
28,58,3
28,59,3
28,60,3
28,61,3
28,62,3
28,63,3
28,64,3
28,65,3
28,66,3
28,67,3
28,68,3
28,69,3
28,70,3
28,71,3
28,72,3
28,73,3
28,74,3
28,75,3
28,76,3
28,77,3
28,78,3
28,79,3
28,80,3
28,81,3
28,82,3
28,83,3
28,84,3
28,85,3
28,86,3
28,87,3
28,88,3
28,89,3
28,90,3
28,91,3
28,92,3
28,93,3
28,94,3
28,18,4
28,58,4
28,60,4
28,61,4
28,62,4
28,63,4
28,64,4
28,65,4
28,68,4
28,69,4
28,70,4
28,71,4
28,72,4
28,73,4
28,74,4
28,75,4
28,76,4
28,92,4
28,93,4
28,94,4
28,95,4
28,18,5
28,58,5
28,90,5
28,91,5
28,92,5
28,93,5
28,94,5
28,95,5
28,58,6
28,76,6
28,92,6
28,93,6
28,94,6
28,58,7
28,92,7
28,93,7
28,94,7
28,58,8
28,76,8
28,92,8
28,93,8
28,58,9
28,76,9
28,91,9
28,92,9
28,58,10
28,90,10
28,91,10
28,18,11
28,27,11
28,28,11
28,32,11
28,33,11
28,58,11
28,77,11
28,89,11
28,90,11
28,18,12
28,19,12
28,20,12
28,21,12
28,27,12
28,28,12
28,29,12
28,30,12
28,31,12
28,32,12
28,33,12
28,34,12
28,35,12
28,77,12
28,87,12
28,88,12
28,89,12
28,17,13
28,18,13
28,19,13
28,20,13
28,21,13
28,22,13
28,25,13
28,30,13
28,31,13
28,33,13
28,34,13
28,35,13
28,58,13
28,77,13
28,84,13
28,85,13
28,86,13
28,87,13
28,16,14
28,17,14
28,18,14
28,19,14
28,20,14
28,21,14
28,25,14
28,58,14
28,77,14
28,82,14
28,83,14
28,84,14
28,15,15
28,16,15
28,17,15
28,18,15
28,19,15
28,58,15
28,62,15
28,67,15
28,68,15
28,77,15
28,81,15
28,82,15
28,14,16
28,15,16
28,16,16
28,17,16
28,18,16
28,32,16
28,62,16
28,68,16
28,75,16
28,77,16
28,80,16
28,13,17
28,14,17
28,15,17
28,16,17
28,58,17
28,61,17
28,62,17
28,68,17
28,75,17
28,76,17
28,77,17
28,78,17
28,79,17
28,11,18
28,12,18
28,13,18
28,14,18
28,15,18
28,16,18
28,17,18
28,39,18
28,58,18
28,62,18
28,68,18
28,77,18
28,78,18
28,8,19
28,9,19
28,10,19
28,12,19
28,13,19
28,14,19
28,15,19
28,16,19
28,17,19
28,58,19
28,62,19
28,68,19
28,5,20
28,6,20
28,7,20
28,8,20
28,9,20
28,10,20
28,11,20
28,12,20
28,13,20
28,45,20
28,58,20
28,62,20
28,67,20
28,68,20
28,3,21
28,4,21
28,5,21
28,58,21
28,59,21
28,60,21
28,63,21
28,64,21
28,65,21
28,66,21
28,67,21
28,52,22
28,59,22
28,60,22
28,64,22
28,65,22
28,66,22
28,58,23
28,59,23
28,60,23
28,58,24
28,59,24
29,18,3
29,19,3
29,21,3
29,24,3
29,25,3
29,27,3
29,28,3
29,29,3
29,30,3
29,31,3
29,32,3
29,34,3
29,36,3
29,37,3
29,38,3
29,39,3
29,40,3
29,41,3
29,42,3
29,44,3
29,45,3
29,47,3
29,48,3
29,49,3
29,50,3
29,52,3
29,53,3
29,55,3
29,56,3
29,58,3
29,59,3
29,60,3
29,61,3
29,62,3
29,63,3
29,64,3
29,65,3
29,66,3
29,67,3
29,68,3
29,69,3
29,70,3
29,71,3
29,72,3
29,73,3
29,74,3
29,75,3
29,76,3
29,77,3
29,78,3
29,79,3
29,80,3
29,81,3
29,82,3
29,83,3
29,84,3
29,85,3
29,86,3
29,87,3
29,88,3
29,89,3
29,90,3
29,91,3
29,18,4
29,19,4
29,58,4
29,59,4
29,60,4
29,61,4
29,62,4
29,63,4
29,64,4
29,65,4
29,66,4
29,67,4
29,68,4
29,69,4
29,70,4
29,71,4
29,72,4
29,73,4
29,74,4
29,75,4
29,76,4
29,90,4
29,91,4
29,92,4
29,93,4
29,94,4
29,18,5
29,19,5
29,58,5
29,62,5
29,63,5
29,64,5
29,65,5
29,68,5
29,69,5
29,70,5
29,71,5
29,72,5
29,73,5
29,74,5
29,75,5
29,76,5
29,90,5
29,91,5
29,92,5
29,93,5
29,94,5
29,18,6
29,19,6
29,58,6
29,76,6
29,90,6
29,91,6
29,18,7
29,19,7
29,58,7
29,76,7
29,90,7
29,91,7
29,18,8
29,19,8
29,58,8
29,76,8
29,90,8
29,91,8
29,18,9
29,19,9
29,76,9
29,90,9
29,91,9
29,18,10
29,26,10
29,27,10
29,58,10
29,76,10
29,89,10
29,90,10
29,18,11
29,26,11
29,27,11
29,28,11
29,29,11
29,31,11
29,32,11
29,58,11
29,77,11
29,88,11
29,89,11
29,90,11
29,28,12
29,29,12
29,30,12
29,32,12
29,33,12
29,34,12
29,58,12
29,77,12
29,85,12
29,86,12
29,87,12
29,88,12
29,25,13
29,30,13
29,33,13
29,34,13
29,58,13
29,77,13
29,83,13
29,84,13
29,85,13
29,86,13
29,58,14
29,76,14
29,77,14
29,81,14
29,82,14
29,83,14
29,32,15
29,58,15
29,63,15
29,64,15
29,65,15
29,66,15
29,67,15
29,76,15
29,77,15
29,80,15
29,81,15
29,32,16
29,58,16
29,63,16
29,64,16
29,65,16
29,67,16
29,72,16
29,73,16
29,74,16
29,75,16
29,76,16
29,77,16
29,79,16
29,80,16
29,39,17
29,58,17
29,59,17
29,60,17
29,62,17
29,63,17
29,64,17
29,66,17
29,67,17
29,73,17
29,74,17
29,75,17
29,76,17
29,77,17
29,78,17
29,79,17
29,11,18
29,12,18
29,13,18
29,14,18
29,15,18
29,16,18
29,39,18
29,58,18
29,59,18
29,60,18
29,63,18
29,66,18
29,67,18
29,78,18
29,8,19
29,9,19
29,10,19
29,14,19
29,15,19
29,16,19
29,45,19
29,58,19
29,59,19
29,60,19
29,62,19
29,63,19
29,67,19
29,68,19
29,5,20
29,6,20
29,7,20
29,8,20
29,9,20
29,10,20
29,11,20
29,12,20
29,13,20
29,45,20
29,58,20
29,59,20
29,60,20
29,62,20
29,63,20
29,64,20
29,65,20
29,66,20
29,67,20
29,52,21
29,55,21
29,56,21
29,58,21
29,59,21
29,60,21
29,63,21
29,64,21
29,65,21
29,66,21
29,67,21
29,52,22
29,56,22
29,58,22
29,59,22
29,60,22
29,58,23
30,21,3
30,24,3
30,25,3
30,27,3
30,28,3
30,29,3
30,30,3
30,31,3
30,32,3
30,34,3
30,36,3
30,37,3
30,38,3
30,39,3
30,40,3
30,41,3
30,42,3
30,44,3
30,45,3
30,47,3
30,48,3
30,49,3
30,50,3
30,52,3
30,53,3
30,55,3
30,56,3
30,58,3
30,59,3
30,60,3
30,61,3
30,62,3
30,63,3
30,64,3
30,65,3
30,66,3
30,67,3
30,68,3
30,69,3
30,70,3
30,71,3
30,72,3
30,73,3
30,74,3
30,75,3
30,76,3
30,77,3
30,78,3
30,79,3
30,80,3
30,81,3
30,82,3
30,83,3
30,84,3
30,85,3
30,86,3
30,87,3
30,88,3
30,89,3
30,21,4
30,24,4
30,25,4
30,27,4
30,28,4
30,86,4
30,87,4
30,88,4
30,89,4
30,21,5
30,24,5
30,25,5
30,27,5
30,28,5
30,58,5
30,59,5
30,60,5
30,61,5
30,62,5
30,63,5
30,64,5
30,65,5
30,66,5
30,67,5
30,68,5
30,69,5
30,70,5
30,71,5
30,72,5
30,73,5
30,74,5
30,75,5
30,76,5
30,86,5
30,87,5
30,88,5
30,89,5
30,21,6
30,24,6
30,25,6
30,27,6
30,28,6
30,58,6
30,62,6
30,63,6
30,64,6
30,65,6
30,68,6
30,70,6
30,72,6
30,74,6
30,75,6
30,76,6
30,82,6
30,86,6
30,87,6
30,88,6
30,89,6
30,21,7
30,24,7
30,25,7
30,27,7
30,28,7
30,76,7
30,78,7
30,79,7
30,82,7
30,86,7
30,87,7
30,88,7
30,89,7
30,21,8
30,24,8
30,25,8
30,27,8
30,28,8
30,58,8
30,76,8
30,86,8
30,87,8
30,88,8
30,89,8
30,21,9
30,24,9
30,25,9
30,27,9
30,28,9
30,58,9
30,76,9
30,79,9
30,82,9
30,83,9
30,86,9
30,87,9
30,88,9
30,89,9
30,21,10
30,24,10
30,25,10
30,26,10
30,27,10
30,28,10
30,30,10
30,31,10
30,58,10
30,76,10
30,79,10
30,82,10
30,83,10
30,86,10
30,87,10
30,88,10
30,89,10
30,24,11
30,25,11
30,26,11
30,27,11
30,28,11
30,29,11
30,30,11
30,31,11
30,32,11
30,33,11
30,58,11
30,76,11
30,85,11
30,86,11
30,87,11
30,88,11
30,25,12
30,27,12
30,28,12
30,29,12
30,32,12
30,33,12
30,34,12
30,58,12
30,76,12
30,83,12
30,84,12
30,85,12
30,86,12
30,87,12
30,25,13
30,58,13
30,59,13
30,60,13
30,76,13
30,82,13
30,83,13
30,84,13
30,32,14
30,58,14
30,59,14
30,60,14
30,76,14
30,80,14
30,81,14
30,82,14
30,32,15
30,58,15
30,59,15
30,60,15
30,61,15
30,62,15
30,64,15
30,65,15
30,67,15
30,68,15
30,69,15
30,70,15
30,71,15
30,72,15
30,73,15
30,74,15
30,75,15
30,76,15
30,79,15
30,80,15
30,58,16
30,59,16
30,60,16
30,61,16
30,65,16
30,68,16
30,69,16
30,70,16
30,71,16
30,72,16
30,73,16
30,74,16
30,75,16
30,76,16
30,77,16
30,78,16
30,79,16
30,80,16
30,39,17
30,59,17
30,60,17
30,64,17
30,65,17
30,74,17
30,75,17
30,76,17
30,77,17
30,78,17
30,45,18
30,49,18
30,50,18
30,51,18
30,52,18
30,53,18
30,54,18
30,55,18
30,56,18
30,58,18
30,59,18
30,60,18
30,65,18
30,45,19
30,49,19
30,50,19
30,51,19
30,52,19
30,53,19
30,54,19
30,55,19
30,56,19
30,58,19
30,59,19
30,60,19
30,64,19
30,65,19
30,66,19
30,51,20
30,52,20
30,53,20
30,54,20
30,55,20
30,56,20
30,58,20
30,59,20
30,60,20
30,64,20
30,65,20
30,66,20
30,52,21
31,28,3
31,29,3
31,30,3
31,31,3
31,32,3
31,34,3
31,36,3
31,37,3
31,38,3
31,39,3
31,40,3
31,41,3
31,42,3
31,44,3
31,45,3
31,47,3
31,48,3
31,49,3
31,50,3
31,52,3
31,53,3
31,55,3
31,56,3
31,58,3
31,59,3
31,60,3
31,61,3
31,62,3
31,63,3
31,64,3
31,65,3
31,66,3
31,67,3
31,68,3
31,69,3
31,70,3
31,71,3
31,72,3
31,73,3
31,74,3
31,75,3
31,76,3
31,77,3
31,78,3
31,79,3
31,80,3
31,81,3
31,82,3
31,83,3
31,84,3
31,28,4
31,29,4
31,30,4
31,31,4
31,32,4
31,34,4
31,36,4
31,80,4
31,81,4
31,82,4
31,83,4
31,84,4
31,85,4
31,28,5
31,29,5
31,30,5
31,31,5
31,32,5
31,34,5
31,36,5
31,80,5
31,81,5
31,82,5
31,83,5
31,84,5
31,85,5
31,28,6
31,29,6
31,30,6
31,31,6
31,32,6
31,34,6
31,36,6
31,58,6
31,59,6
31,60,6
31,61,6
31,62,6
31,63,6
31,64,6
31,65,6
31,66,6
31,69,6
31,70,6
31,72,6
31,74,6
31,80,6
31,81,6
31,82,6
31,83,6
31,84,6
31,85,6
31,28,7
31,29,7
31,30,7
31,31,7
31,32,7
31,34,7
31,36,7
31,58,7
31,60,7
31,61,7
31,62,7
31,63,7
31,64,7
31,65,7
31,66,7
31,67,7
31,68,7
31,69,7
31,70,7
31,71,7
31,72,7
31,73,7
31,74,7
31,75,7
31,76,7
31,78,7
31,79,7
31,80,7
31,81,7
31,82,7
31,83,7
31,84,7
31,85,7
31,28,8
31,29,8
31,30,8
31,31,8
31,32,8
31,34,8
31,36,8
31,58,8
31,59,8
31,60,8
31,61,8
31,62,8
31,63,8
31,64,8
31,65,8
31,66,8
31,67,8
31,68,8
31,69,8
31,70,8
31,71,8
31,72,8
31,73,8
31,74,8
31,75,8
31,76,8
31,80,8
31,81,8
31,82,8
31,83,8
31,84,8
31,85,8
31,28,9
31,29,9
31,30,9
31,31,9
31,32,9
31,34,9
31,36,9
31,58,9
31,59,9
31,60,9
31,61,9
31,62,9
31,63,9
31,64,9
31,65,9
31,66,9
31,68,9
31,69,9
31,70,9
31,71,9
31,72,9
31,73,9
31,74,9
31,75,9
31,76,9
31,79,9
31,80,9
31,81,9
31,82,9
31,83,9
31,84,9
31,85,9
31,23,10
31,24,10
31,25,10
31,26,10
31,28,10
31,29,10
31,30,10
31,31,10
31,32,10
31,34,10
31,36,10
31,58,10
31,60,10
31,61,10
31,62,10
31,63,10
31,64,10
31,65,10
31,66,10
31,67,10
31,68,10
31,69,10
31,70,10
31,71,10
31,72,10
31,73,10
31,74,10
31,75,10
31,76,10
31,79,10
31,80,10
31,81,10
31,82,10
31,83,10
31,84,10
31,85,10
31,24,11
31,25,11
31,26,11
31,27,11
31,28,11
31,29,11
31,30,11
31,31,11
31,32,11
31,33,11
31,34,11
31,36,11
31,58,11
31,59,11
31,60,11
31,61,11
31,62,11
31,63,11
31,64,11
31,65,11
31,66,11
31,67,11
31,68,11
31,69,11
31,70,11
31,71,11
31,72,11
31,73,11
31,74,11
31,75,11
31,76,11
31,80,11
31,81,11
31,82,11
31,83,11
31,84,11
31,85,11
31,26,12
31,27,12
31,28,12
31,30,12
31,31,12
31,32,12
31,33,12
31,34,12
31,36,12
31,58,12
31,59,12
31,60,12
31,61,12
31,62,12
31,63,12
31,64,12
31,65,12
31,66,12
31,68,12
31,69,12
31,70,12
31,71,12
31,72,12
31,73,12
31,74,12
31,75,12
31,76,12
31,80,12
31,81,12
31,82,12
31,83,12
31,84,12
31,32,13
31,36,13
31,58,13
31,59,13
31,60,13
31,61,13
31,62,13
31,63,13
31,64,13
31,65,13
31,66,13
31,67,13
31,68,13
31,69,13
31,70,13
31,71,13
31,72,13
31,73,13
31,74,13
31,75,13
31,76,13
31,80,13
31,81,13
31,82,13
31,32,14
31,58,14
31,59,14
31,60,14
31,61,14
31,62,14
31,63,14
31,64,14
31,65,14
31,66,14
31,67,14
31,68,14
31,69,14
31,70,14
31,71,14
31,72,14
31,73,14
31,74,14
31,75,14
31,76,14
31,79,14
31,80,14
31,81,14
31,39,15
31,45,15
31,47,15
31,49,15
31,50,15
31,51,15
31,52,15
31,53,15
31,54,15
31,55,15
31,56,15
31,58,15
31,59,15
31,60,15
31,61,15
31,65,15
31,68,15
31,69,15
31,70,15
31,71,15
31,72,15
31,73,15
31,74,15
31,75,15
31,76,15
31,77,15
31,78,15
31,79,15
31,80,15
31,39,16
31,45,16
31,47,16
31,49,16
31,50,16
31,51,16
31,52,16
31,53,16
31,54,16
31,55,16
31,56,16
31,58,16
31,59,16
31,60,16
31,61,16
31,65,16
31,68,16
31,69,16
31,70,16
31,71,16
31,72,16
31,73,16
31,74,16
31,75,16
31,76,16
31,77,16
31,78,16
31,45,17
31,47,17
31,49,17
31,50,17
31,51,17
31,52,17
31,53,17
31,54,17
31,55,17
31,56,17
31,57,17
31,58,17
31,11,18
31,12,18
31,13,18
31,14,18
31,15,18
31,16,18
31,17,18
31,45,18
31,47,18
31,50,18
31,51,18
31,52,18
31,53,18
31,54,18
31,55,18
31,56,18
31,57,18
31,58,18
31,8,19
31,9,19
31,10,19
31,13,19
31,14,19
31,15,19
31,16,19
31,51,19
31,56,19
31,5,20
31,6,20
31,7,20
31,8,20
31,9,20
31,10,20
31,11,20
31,12,20
31,13,20
31,3,21
31,4,21
31,5,21
32,39,3
32,42,3
32,44,3
32,47,3
32,48,3
32,49,3
32,50,3
32,52,3
32,53,3
32,55,3
32,58,3
32,60,3
32,61,3
32,62,3
32,63,3
32,64,3
32,65,3
32,66,3
32,67,3
32,68,3
32,69,3
32,70,3
32,71,3
32,72,3
32,73,3
32,74,3
32,75,3
32,76,3
32,77,3
32,78,3
32,79,3
32,28,4
32,29,4
32,30,4
32,31,4
32,32,4
32,33,4
32,34,4
32,35,4
32,36,4
32,37,4
32,38,4
32,39,4
32,40,4
32,41,4
32,42,4
32,43,4
32,44,4
32,45,4
32,46,4
32,47,4
32,48,4
32,49,4
32,50,4
32,52,4
32,53,4
32,54,4
32,55,4
32,56,4
32,57,4
32,58,4
32,59,4
32,60,4
32,61,4
32,62,4
32,63,4
32,64,4
32,65,4
32,66,4
32,67,4
32,68,4
32,69,4
32,70,4
32,71,4
32,72,4
32,73,4
32,74,4
32,75,4
32,76,4
32,77,4
32,78,4
32,79,4
32,92,4
32,93,4
32,94,4
32,95,4
32,27,5
32,28,5
32,29,5
32,30,5
32,31,5
32,32,5
32,33,5
32,34,5
32,35,5
32,36,5
32,37,5
32,38,5
32,39,5
32,40,5
32,41,5
32,42,5
32,43,5
32,44,5
32,45,5
32,46,5
32,47,5
32,48,5
32,49,5
32,50,5
32,52,5
32,53,5
32,54,5
32,55,5
32,56,5
32,57,5
32,58,5
32,59,5
32,60,5
32,61,5
32,62,5
32,63,5
32,64,5
32,65,5
32,66,5
32,67,5
32,68,5
32,69,5
32,70,5
32,71,5
32,72,5
32,73,5
32,74,5
32,75,5
32,76,5
32,77,5
32,78,5
32,79,5
32,90,5
32,91,5
32,92,5
32,93,5
32,94,5
32,95,5
32,27,6
32,28,6
32,29,6
32,30,6
32,31,6
32,32,6
32,33,6
32,34,6
32,35,6
32,36,6
32,37,6
32,38,6
32,39,6
32,40,6
32,41,6
32,42,6
32,43,6
32,44,6
32,45,6
32,46,6
32,47,6
32,48,6
32,49,6
32,50,6
32,52,6
32,53,6
32,54,6
32,55,6
32,56,6
32,57,6
32,58,6
32,59,6
32,60,6
32,61,6
32,62,6
32,63,6
32,64,6
32,65,6
32,66,6
32,67,6
32,68,6
32,69,6
32,70,6
32,71,6
32,72,6
32,73,6
32,74,6
32,75,6
32,76,6
32,77,6
32,78,6
32,79,6
32,27,7
32,28,7
32,29,7
32,30,7
32,31,7
32,32,7
32,33,7
32,34,7
32,35,7
32,36,7
32,37,7
32,38,7
32,39,7
32,40,7
32,41,7
32,42,7
32,43,7
32,44,7
32,45,7
32,46,7
32,47,7
32,48,7
32,49,7
32,50,7
32,52,7
32,53,7
32,54,7
32,55,7
32,56,7
32,57,7
32,58,7
32,59,7
32,60,7
32,61,7
32,62,7
32,63,7
32,64,7
32,65,7
32,66,7
32,67,7
32,68,7
32,69,7
32,70,7
32,71,7
32,72,7
32,73,7
32,74,7
32,75,7
32,76,7
32,77,7
32,78,7
32,79,7
32,81,7
32,82,7
32,27,8
32,28,8
32,29,8
32,30,8
32,31,8
32,32,8
32,33,8
32,34,8
32,35,8
32,36,8
32,37,8
32,38,8
32,39,8
32,40,8
32,41,8
32,42,8
32,43,8
32,44,8
32,45,8
32,46,8
32,47,8
32,48,8
32,49,8
32,50,8
32,52,8
32,53,8
32,54,8
32,55,8
32,56,8
32,57,8
32,58,8
32,59,8
32,60,8
32,61,8
32,62,8
32,63,8
32,64,8
32,65,8
32,66,8
32,67,8
32,68,8
32,69,8
32,70,8
32,71,8
32,72,8
32,73,8
32,74,8
32,75,8
32,76,8
32,77,8
32,78,8
32,79,8
32,21,9
32,22,9
32,27,9
32,28,9
32,29,9
32,30,9
32,31,9
32,32,9
32,33,9
32,34,9
32,35,9
32,36,9
32,37,9
32,38,9
32,39,9
32,40,9
32,41,9
32,42,9
32,43,9
32,44,9
32,45,9
32,46,9
32,47,9
32,48,9
32,49,9
32,50,9
32,52,9
32,53,9
32,54,9
32,55,9
32,56,9
32,57,9
32,58,9
32,59,9
32,60,9
32,61,9
32,62,9
32,63,9
32,64,9
32,65,9
32,66,9
32,67,9
32,68,9
32,69,9
32,70,9
32,71,9
32,72,9
32,73,9
32,74,9
32,75,9
32,76,9
32,77,9
32,78,9
32,79,9
32,80,9
32,82,9
32,83,9
32,4,10
32,5,10
32,6,10
32,7,10
32,8,10
32,9,10
32,10,10
32,11,10
32,12,10
32,13,10
32,14,10
32,15,10
32,16,10
32,17,10
32,18,10
32,19,10
32,20,10
32,21,10
32,22,10
32,23,10
32,24,10
32,25,10
32,26,10
32,27,10
32,28,10
32,29,10
32,30,10
32,31,10
32,32,10
32,33,10
32,34,10
32,35,10
32,36,10
32,37,10
32,38,10
32,39,10
32,40,10
32,41,10
32,42,10
32,43,10
32,44,10
32,45,10
32,46,10
32,47,10
32,48,10
32,49,10
32,50,10
32,52,10
32,53,10
32,54,10
32,55,10
32,56,10
32,57,10
32,58,10
32,59,10
32,60,10
32,61,10
32,62,10
32,63,10
32,64,10
32,65,10
32,66,10
32,67,10
32,68,10
32,69,10
32,70,10
32,71,10
32,72,10
32,73,10
32,74,10
32,75,10
32,76,10
32,77,10
32,78,10
32,79,10
32,80,10
32,82,10
32,83,10
32,4,11
32,5,11
32,6,11
32,7,11
32,8,11
32,9,11
32,10,11
32,11,11
32,12,11
32,13,11
32,14,11
32,15,11
32,16,11
32,17,11
32,18,11
32,19,11
32,23,11
32,24,11
32,25,11
32,26,11
32,27,11
32,28,11
32,29,11
32,30,11
32,31,11
32,32,11
32,33,11
32,34,11
32,35,11
32,36,11
32,37,11
32,38,11
32,39,11
32,40,11
32,41,11
32,42,11
32,43,11
32,44,11
32,45,11
32,46,11
32,47,11
32,48,11
32,49,11
32,50,11
32,52,11
32,53,11
32,54,11
32,55,11
32,56,11
32,57,11
32,58,11
32,59,11
32,60,11
32,61,11
32,62,11
32,63,11
32,64,11
32,65,11
32,66,11
32,67,11
32,68,11
32,69,11
32,70,11
32,71,11
32,72,11
32,73,11
32,74,11
32,75,11
32,76,11
32,77,11
32,78,11
32,79,11
32,25,12
32,26,12
32,27,12
32,28,12
32,29,12
32,30,12
32,31,12
32,32,12
32,37,12
32,38,12
32,39,12
32,40,12
32,41,12
32,42,12
32,44,12
32,45,12
32,47,12
32,48,12
32,49,12
32,50,12
32,52,12
32,53,12
32,55,12
32,56,12
32,58,12
32,59,12
32,60,12
32,61,12
32,62,12
32,63,12
32,64,12
32,65,12
32,66,12
32,67,12
32,68,12
32,69,12
32,70,12
32,71,12
32,72,12
32,73,12
32,74,12
32,75,12
32,76,12
32,77,12
32,78,12
32,79,12
32,24,13
32,25,13
32,26,13
32,27,13
32,28,13
32,29,13
32,37,13
32,38,13
32,39,13
32,40,13
32,41,13
32,42,13
32,44,13
32,45,13
32,47,13
32,48,13
32,49,13
32,50,13
32,52,13
32,53,13
32,55,13
32,56,13
32,58,13
32,59,13
32,60,13
32,61,13
32,62,13
32,63,13
32,64,13
32,65,13
32,66,13
32,67,13
32,68,13
32,69,13
32,70,13
32,71,13
32,72,13
32,73,13
32,74,13
32,75,13
32,76,13
32,77,13
32,78,13
32,79,13
32,24,14
32,25,14
32,26,14
32,27,14
32,39,14
32,42,14
32,44,14
32,45,14
32,47,14
32,48,14
32,49,14
32,50,14
32,52,14
32,53,14
32,55,14
32,56,14
32,58,14
32,61,14
32,65,14
32,68,14
32,69,14
32,70,14
32,71,14
32,72,14
32,73,14
32,74,14
32,75,14
32,76,14
32,77,14
32,78,14
32,79,14
32,23,15
32,24,15
32,39,15
32,45,15
32,47,15
32,49,15
32,50,15
32,51,15
32,52,15
32,53,15
32,54,15
32,55,15
32,56,15
32,58,15
32,61,15
32,65,15
32,68,15
32,69,15
32,70,15
32,71,15
32,72,15
32,73,15
32,74,15
32,75,15
32,76,15
32,77,15
32,78,15
32,21,16
32,22,16
32,23,16
32,51,16
32,52,16
32,53,16
32,54,16
32,55,16
32,56,16
32,21,17
32,11,18
32,12,18
32,13,18
32,8,19
32,9,19
32,10,19
32,7,20
33,27,4
33,28,4
33,29,4
33,30,4
33,31,4
33,32,4
33,33,4
33,34,4
33,35,4
33,36,4
33,37,4
33,38,4
33,39,4
33,40,4
33,41,4
33,42,4
33,43,4
33,44,4
33,45,4
33,46,4
33,47,4
33,48,4
33,49,4
33,50,4
33,51,4
33,52,4
33,53,4
33,54,4
33,55,4
33,56,4
33,57,4
33,58,4
33,59,4
33,60,4
33,61,4
33,62,4
33,63,4
33,64,4
33,65,4
33,66,4
33,27,5
33,66,5
33,27,6
33,66,6
33,27,7
33,66,7
33,79,7
33,80,7
33,81,7
33,82,7
33,27,8
33,66,8
33,79,8
33,80,8
33,81,8
33,82,8
33,4,9
33,5,9
33,6,9
33,7,9
33,8,9
33,9,9
33,10,9
33,11,9
33,12,9
33,13,9
33,14,9
33,15,9
33,16,9
33,17,9
33,18,9
33,19,9
33,20,9
33,21,9
33,22,9
33,25,9
33,26,9
33,27,9
33,66,9
33,79,9
33,80,9
33,81,9
33,82,9
33,4,10
33,5,10
33,6,10
33,7,10
33,8,10
33,9,10
33,10,10
33,11,10
33,12,10
33,13,10
33,14,10
33,15,10
33,16,10
33,17,10
33,18,10
33,19,10
33,20,10
33,21,10
33,22,10
33,23,10
33,24,10
33,25,10
33,26,10
33,27,10
33,28,10
33,29,10
33,62,10
33,63,10
33,64,10
33,65,10
33,79,10
33,80,10
33,82,10
33,4,11
33,5,11
33,6,11
33,7,11
33,8,11
33,9,11
33,10,11
33,11,11
33,12,11
33,13,11
33,14,11
33,15,11
33,16,11
33,17,11
33,18,11
33,19,11
33,20,11
33,21,11
33,22,11
33,23,11
33,24,11
33,25,11
33,26,11
33,27,11
33,28,11
33,29,11
33,30,11
33,31,11
33,32,11
33,33,11
33,34,11
33,35,11
33,36,11
33,37,11
33,38,11
33,39,11
33,40,11
33,41,11
33,42,11
33,43,11
33,44,11
33,45,11
33,46,11
33,47,11
33,48,11
33,49,11
33,50,11
33,52,11
33,53,11
33,54,11
33,55,11
33,56,11
33,57,11
33,58,11
33,59,11
33,60,11
33,61,11
33,25,12
33,26,12
33,29,12
33,30,12
33,31,12
33,25,13
33,27,13
33,28,13
33,29,13
33,24,14
33,25,14
33,26,14
33,27,14
33,23,15
33,24,15
33,21,16
33,22,16
33,23,16
33,21,17
34,34,3
34,35,3
34,45,3
34,27,4
34,28,4
34,29,4
34,30,4
34,31,4
34,32,4
34,33,4
34,34,4
34,35,4
34,36,4
34,37,4
34,38,4
34,39,4
34,40,4
34,41,4
34,42,4
34,43,4
34,44,4
34,45,4
34,46,4
34,47,4
34,48,4
34,49,4
34,50,4
34,51,4
34,52,4
34,53,4
34,54,4
34,55,4
34,56,4
34,57,4
34,58,4
34,59,4
34,60,4
34,61,4
34,62,4
34,63,4
34,64,4
34,65,4
34,66,4
34,92,4
34,93,4
34,94,4
34,27,5
34,90,5
34,91,5
34,92,5
34,93,5
34,94,5
34,27,6
34,66,6
34,27,7
34,66,7
34,79,7
34,80,7
34,81,7
34,82,7
34,27,8
34,66,8
34,79,8
34,80,8
34,81,8
34,82,8
34,4,9
34,5,9
34,6,9
34,7,9
34,8,9
34,9,9
34,10,9
34,11,9
34,12,9
34,13,9
34,14,9
34,15,9
34,16,9
34,17,9
34,18,9
34,19,9
34,20,9
34,21,9
34,22,9
34,23,9
34,24,9
34,25,9
34,26,9
34,27,9
34,33,9
34,34,9
34,35,9
34,36,9
34,66,9
34,79,9
34,80,9
34,81,9
34,82,9
34,4,10
34,5,10
34,6,10
34,7,10
34,8,10
34,9,10
34,10,10
34,11,10
34,12,10
34,13,10
34,14,10
34,15,10
34,16,10
34,17,10
34,18,10
34,19,10
34,20,10
34,21,10
34,22,10
34,23,10
34,24,10
34,25,10
34,26,10
34,27,10
34,28,10
34,33,10
34,34,10
34,35,10
34,36,10
34,37,10
34,62,10
34,63,10
34,64,10
34,65,10
34,79,10
34,80,10
34,4,11
34,5,11
34,6,11
34,7,11
34,8,11
34,9,11
34,10,11
34,11,11
34,12,11
34,13,11
34,14,11
34,15,11
34,16,11
34,17,11
34,18,11
34,19,11
34,20,11
34,21,11
34,22,11
34,23,11
34,24,11
34,25,11
34,26,11
34,27,11
34,28,11
34,29,11
34,32,11
34,33,11
34,34,11
34,35,11
34,36,11
34,37,11
34,38,11
34,39,11
34,40,11
34,41,11
34,42,11
34,43,11
34,44,11
34,45,11
34,46,11
34,47,11
34,48,11
34,49,11
34,50,11
34,52,11
34,53,11
34,54,11
34,55,11
34,56,11
34,57,11
34,58,11
34,59,11
34,60,11
34,61,11
34,4,12
34,5,12
34,7,12
34,9,12
34,11,12
34,12,12
34,14,12
34,16,12
34,18,12
34,19,12
34,25,12
34,26,12
34,29,12
34,30,12
34,31,12
34,24,13
34,25,13
34,27,13
34,28,13
34,29,13
34,24,14
34,25,14
34,26,14
34,27,14
34,23,15
34,24,15
34,21,16
34,22,16
34,23,16
34,21,17
34,11,18
34,12,18
34,13,18
34,14,18
34,15,18
34,16,18
34,8,19
34,9,19
34,10,19
34,13,19
34,14,19
34,15,19
34,16,19
34,5,20
34,6,20
34,7,20
34,8,20
34,9,20
34,10,20
34,11,20
34,12,20
34,13,20
35,15,3
35,16,3
35,17,3
35,18,3
35,19,3
35,20,3
35,21,3
35,22,3
35,33,3
35,34,3
35,35,3
35,36,3
35,37,3
35,38,3
35,40,3
35,41,3
35,42,3
35,43,3
35,44,3
35,45,3
35,46,3
35,14,4
35,15,4
35,16,4
35,17,4
35,18,4
35,19,4
35,20,4
35,21,4
35,22,4
35,23,4
35,27,4
35,28,4
35,29,4
35,30,4
35,31,4
35,32,4
35,33,4
35,47,4
35,48,4
35,49,4
35,50,4
35,51,4
35,52,4
35,53,4
35,54,4
35,55,4
35,56,4
35,57,4
35,58,4
35,59,4
35,60,4
35,61,4
35,62,4
35,63,4
35,64,4
35,65,4
35,66,4
35,13,5
35,14,5
35,15,5
35,16,5
35,17,5
35,20,5
35,21,5
35,22,5
35,23,5
35,24,5
35,27,5
35,66,5
35,12,6
35,13,6
35,14,6
35,15,6
35,22,6
35,23,6
35,24,6
35,25,6
35,27,6
35,66,6
35,12,7
35,13,7
35,14,7
35,23,7
35,24,7
35,25,7
35,27,7
35,66,7
35,79,7
35,80,7
35,81,7
35,82,7
35,12,8
35,13,8
35,14,8
35,23,8
35,24,8
35,25,8
35,27,8
35,66,8
35,79,8
35,80,8
35,81,8
35,82,8
35,12,9
35,13,9
35,24,9
35,25,9
35,27,9
35,33,9
35,34,9
35,35,9
35,36,9
35,37,9
35,66,9
35,79,9
35,80,9
35,81,9
35,82,9
35,4,10
35,5,10
35,6,10
35,7,10
35,8,10
35,9,10
35,10,10
35,11,10
35,12,10
35,13,10
35,14,10
35,15,10
35,16,10
35,17,10
35,18,10
35,19,10
35,23,10
35,24,10
35,25,10
35,26,10
35,37,10
35,38,10
35,62,10
35,63,10
35,64,10
35,65,10
35,80,10
35,4,11
35,5,11
35,6,11
35,7,11
35,8,11
35,9,11
35,10,11
35,11,11
35,12,11
35,13,11
35,14,11
35,15,11
35,16,11
35,17,11
35,18,11
35,19,11
35,23,11
35,24,11
35,25,11
35,26,11
35,32,11
35,33,11
35,37,11
35,38,11
35,39,11
35,40,11
35,41,11
35,42,11
35,43,11
35,44,11
35,45,11
35,46,11
35,47,11
35,48,11
35,49,11
35,50,11
35,52,11
35,53,11
35,54,11
35,55,11
35,56,11
35,57,11
35,58,11
35,59,11
35,60,11
35,61,11
35,12,12
35,13,12
35,14,12
35,15,12
35,23,12
35,24,12
35,25,12
35,26,12
35,29,12
35,30,12
35,31,12
35,13,13
35,14,13
35,15,13
35,16,13
35,21,13
35,22,13
35,23,13
35,24,13
35,25,13
35,27,13
35,28,13
35,29,13
35,13,14
35,14,14
35,15,14
35,16,14
35,17,14
35,18,14
35,19,14
35,20,14
35,21,14
35,22,14
35,23,14
35,24,14
35,25,14
35,26,14
35,27,14
35,14,15
35,15,15
35,16,15
35,17,15
35,18,15
35,19,15
35,20,15
35,21,15
35,22,15
35,23,15
35,24,15
35,16,16
35,17,16
35,18,16
35,19,16
35,20,16
35,21,16
35,22,16
35,23,16
35,21,17
36,15,3
36,17,3
36,18,3
36,19,3
36,20,3
36,22,3
36,33,3
36,34,3
36,35,3
36,36,3
36,37,3
36,38,3
36,39,3
36,40,3
36,41,3
36,42,3
36,43,3
36,44,3
36,45,3
36,46,3
36,14,4
36,17,4
36,18,4
36,19,4
36,20,4
36,22,4
36,23,4
36,28,4
36,29,4
36,30,4
36,32,4
36,33,4
36,46,4
36,47,4
36,48,4
36,49,4
36,50,4
36,52,4
36,53,4
36,54,4
36,55,4
36,57,4
36,58,4
36,59,4
36,60,4
36,61,4
36,62,4
36,63,4
36,64,4
36,65,4
36,66,4
36,14,5
36,15,5
36,16,5
36,17,5
36,18,5
36,19,5
36,20,5
36,21,5
36,22,5
36,23,5
36,27,5
36,66,5
36,13,6
36,14,6
36,15,6
36,16,6
36,21,6
36,22,6
36,23,6
36,24,6
36,27,6
36,66,6
36,12,7
36,14,7
36,15,7
36,22,7
36,23,7
36,25,7
36,27,7
36,66,7
36,81,7
36,12,8
36,13,8
36,14,8
36,23,8
36,25,8
36,27,8
36,79,8
36,80,8
36,81,8
36,12,9
36,13,9
36,14,9
36,23,9
36,24,9
36,25,9
36,27,9
36,33,9
36,34,9
36,35,9
36,36,9
36,37,9
36,66,9
36,79,9
36,80,9
36,81,9
36,82,9
36,13,10
36,14,10
36,23,10
36,24,10
36,26,10
36,33,10
36,37,10
36,38,10
36,39,10
36,40,10
36,62,10
36,63,10
36,64,10
36,65,10
36,12,11
36,14,11
36,23,11
36,25,11
36,26,11
36,32,11
36,33,11
36,38,11
36,39,11
36,40,11
36,41,11
36,42,11
36,43,11
36,44,11
36,45,11
36,46,11
36,47,11
36,48,11
36,49,11
36,50,11
36,52,11
36,53,11
36,54,11
36,55,11
36,56,11
36,57,11
36,58,11
36,59,11
36,60,11
36,61,11
36,14,12
36,15,12
36,22,12
36,23,12
36,25,12
36,29,12
36,30,12
36,31,12
36,13,13
36,15,13
36,16,13
36,21,13
36,22,13
36,24,13
36,25,13
36,27,13
36,28,13
36,29,13
36,14,14
36,16,14
36,17,14
36,18,14
36,19,14
36,20,14
36,21,14
36,23,14
36,25,14
36,26,14
36,27,14
36,15,15
36,22,15
36,23,15
36,24,15
36,17,16
36,18,16
36,19,16
36,20,16
36,21,16
36,22,16
36,23,16
36,21,17
36,11,18
36,12,18
36,13,18
36,8,19
36,9,19
36,10,19
36,7,20
36,8,20
37,33,3
37,34,3
37,35,3
37,36,3
37,37,3
37,38,3
37,39,3
37,40,3
37,41,3
37,42,3
37,43,3
37,44,3
37,45,3
37,46,3
37,27,4
37,28,4
37,29,4
37,30,4
37,31,4
37,32,4
37,33,4
37,47,4
37,48,4
37,49,4
37,50,4
37,51,4
37,52,4
37,53,4
37,54,4
37,55,4
37,56,4
37,57,4
37,58,4
37,59,4
37,60,4
37,61,4
37,62,4
37,63,4
37,64,4
37,65,4
37,66,4
37,27,5
37,66,5
37,27,6
37,66,6
37,27,7
37,66,7
37,27,8
37,66,8
37,79,8
37,80,8
37,81,8
37,27,9
37,33,9
37,34,9
37,35,9
37,36,9
37,37,9
37,66,9
37,80,9
37,81,9
37,26,10
37,33,10
37,37,10
37,38,10
37,39,10
37,40,10
37,62,10
37,63,10
37,64,10
37,65,10
37,26,11
37,32,11
37,33,11
37,40,11
37,41,11
37,42,11
37,43,11
37,44,11
37,45,11
37,46,11
37,47,11
37,48,11
37,49,11
37,50,11
37,52,11
37,53,11
37,54,11
37,55,11
37,56,11
37,57,11
37,58,11
37,59,11
37,60,11
37,61,11
37,25,12
37,26,12
37,29,12
37,30,12
37,31,12
37,25,13
37,27,13
37,28,13
37,29,13
37,24,14
37,25,14
37,26,14
37,27,14
37,23,15
37,24,15
37,21,16
37,22,16
37,23,16
37,21,17
37,11,18
37,12,18
37,13,18
37,14,18
37,15,18
37,16,18
37,8,19
37,9,19
37,10,19
37,13,19
37,14,19
37,15,19
37,16,19
37,5,20
37,6,20
37,7,20
37,8,20
37,9,20
37,10,20
37,11,20
37,12,20
37,13,20
38,34,3
38,35,3
38,36,3
38,37,3
38,38,3
38,39,3
38,40,3
38,42,3
38,43,3
38,44,3
38,46,3
38,78,3
38,79,3
38,80,3
38,81,3
38,82,3
38,83,3
38,27,4
38,28,4
38,29,4
38,30,4
38,31,4
38,32,4
38,33,4
38,46,4
38,47,4
38,48,4
38,49,4
38,50,4
38,51,4
38,52,4
38,53,4
38,54,4
38,55,4
38,56,4
38,57,4
38,58,4
38,59,4
38,60,4
38,61,4
38,62,4
38,63,4
38,64,4
38,65,4
38,66,4
38,76,4
38,77,4
38,78,4
38,79,4
38,80,4
38,81,4
38,82,4
38,83,4
38,84,4
38,92,4
38,93,4
38,94,4
38,27,5
38,66,5
38,76,5
38,77,5
38,78,5
38,79,5
38,82,5
38,83,5
38,84,5
38,85,5
38,90,5
38,91,5
38,92,5
38,93,5
38,94,5
38,27,6
38,66,6
38,75,6
38,76,6
38,77,6
38,84,6
38,85,6
38,86,6
38,27,7
38,66,7
38,75,7
38,76,7
38,77,7
38,84,7
38,85,7
38,86,7
38,27,8
38,66,8
38,75,8
38,76,8
38,80,8
38,81,8
38,85,8
38,86,8
38,27,9
38,33,9
38,34,9
38,35,9
38,36,9
38,37,9
38,66,9
38,75,9
38,76,9
38,80,9
38,81,9
38,82,9
38,83,9
38,84,9
38,85,9
38,86,9
38,26,10
38,33,10
38,37,10
38,38,10
38,39,10
38,40,10
38,62,10
38,63,10
38,64,10
38,65,10
38,75,10
38,76,10
38,77,10
38,81,10
38,82,10
38,83,10
38,84,10
38,85,10
38,86,10
38,26,11
38,32,11
38,33,11
38,41,11
38,42,11
38,43,11
38,44,11
38,45,11
38,46,11
38,47,11
38,48,11
38,49,11
38,50,11
38,52,11
38,53,11
38,54,11
38,55,11
38,56,11
38,57,11
38,58,11
38,59,11
38,60,11
38,61,11
38,75,11
38,76,11
38,77,11
38,78,11
38,81,11
38,82,11
38,83,11
38,84,11
38,85,11
38,86,11
38,25,12
38,26,12
38,29,12
38,30,12
38,31,12
38,76,12
38,77,12
38,78,12
38,79,12
38,80,12
38,81,12
38,82,12
38,83,12
38,84,12
38,85,12
38,24,13
38,25,13
38,27,13
38,28,13
38,29,13
38,77,13
38,78,13
38,79,13
38,80,13
38,81,13
38,82,13
38,83,13
38,84,13
38,24,14
38,25,14
38,26,14
38,27,14
38,79,14
38,80,14
38,81,14
38,82,14
38,23,15
38,24,15
38,21,16
38,22,16
38,23,16
38,21,17
38,11,18
38,12,18
38,13,18
38,14,18
38,15,18
38,16,18
38,17,18
38,8,19
38,9,19
38,10,19
38,13,19
38,14,19
38,15,19
38,16,19
38,5,20
38,6,20
38,7,20
38,8,20
38,9,20
38,10,20
38,11,20
38,12,20
38,13,20
38,3,21
38,4,21
38,5,21
39,33,3
39,34,3
39,35,3
39,36,3
39,37,3
39,38,3
39,39,3
39,40,3
39,41,3
39,42,3
39,43,3
39,44,3
39,45,3
39,46,3
39,28,4
39,29,4
39,30,4
39,32,4
39,33,4
39,46,4
39,47,4
39,48,4
39,49,4
39,50,4
39,51,4
39,52,4
39,53,4
39,54,4
39,55,4
39,56,4
39,57,4
39,58,4
39,59,4
39,60,4
39,61,4
39,62,4
39,63,4
39,64,4
39,65,4
39,66,4
39,79,4
39,80,4
39,81,4
39,82,4
39,27,5
39,66,5
39,77,5
39,78,5
39,79,5
39,82,5
39,83,5
39,84,5
39,27,6
39,66,6
39,77,6
39,78,6
39,79,6
39,80,6
39,81,6
39,82,6
39,83,6
39,84,6
39,27,7
39,66,7
39,76,7
39,77,7
39,78,7
39,79,7
39,80,7
39,81,7
39,82,7
39,83,7
39,84,7
39,85,7
39,27,8
39,66,8
39,76,8
39,77,8
39,78,8
39,79,8
39,80,8
39,81,8
39,82,8
39,83,8
39,84,8
39,85,8
39,27,9
39,33,9
39,34,9
39,35,9
39,36,9
39,37,9
39,66,9
39,76,9
39,77,9
39,78,9
39,79,9
39,80,9
39,81,9
39,82,9
39,83,9
39,84,9
39,85,9
39,26,10
39,33,10
39,37,10
39,38,10
39,39,10
39,40,10
39,62,10
39,63,10
39,64,10
39,65,10
39,77,10
39,78,10
39,79,10
39,80,10
39,81,10
39,82,10
39,83,10
39,84,10
39,26,11
39,32,11
39,33,11
39,41,11
39,42,11
39,43,11
39,44,11
39,45,11
39,46,11
39,47,11
39,48,11
39,49,11
39,50,11
39,52,11
39,53,11
39,54,11
39,55,11
39,56,11
39,57,11
39,58,11
39,59,11
39,60,11
39,61,11
39,77,11
39,78,11
39,79,11
39,80,11
39,81,11
39,82,11
39,83,11
39,84,11
39,29,12
39,30,12
39,31,12
39,78,12
39,79,12
39,80,12
39,81,12
39,82,12
39,83,12
39,24,13
39,25,13
39,27,13
39,28,13
39,29,13
39,24,14
39,25,14
39,26,14
39,27,14
39,23,15
39,24,15
39,21,16
39,22,16
39,23,16
39,21,17
39,11,18
39,12,18
39,13,18
39,8,19
39,9,19
39,10,19
39,7,20
40,15,3
40,16,3
40,17,3
40,18,3
40,19,3
40,20,3
40,21,3
40,22,3
40,34,3
40,44,3
40,46,3
40,14,4
40,15,4
40,17,4
40,18,4
40,19,4
40,20,4
40,22,4
40,23,4
40,27,4
40,28,4
40,29,4
40,30,4
40,31,4
40,32,4
40,33,4
40,35,4
40,36,4
40,37,4
40,38,4
40,39,4
40,40,4
40,42,4
40,43,4
40,47,4
40,49,4
40,50,4
40,52,4
40,53,4
40,54,4
40,55,4
40,56,4
40,57,4
40,58,4
40,59,4
40,60,4
40,61,4
40,62,4
40,63,4
40,64,4
40,65,4
40,66,4
40,92,4
40,93,4
40,94,4
40,95,4
40,13,5
40,14,5
40,15,5
40,16,5
40,17,5
40,18,5
40,19,5
40,20,5
40,21,5
40,22,5
40,23,5
40,24,5
40,27,5
40,66,5
40,90,5
40,91,5
40,92,5
40,93,5
40,94,5
40,95,5
40,12,6
40,13,6
40,14,6
40,15,6
40,16,6
40,21,6
40,22,6
40,23,6
40,24,6
40,25,6
40,27,6
40,66,6
40,12,7
40,14,7
40,15,7
40,22,7
40,23,7
40,25,7
40,27,7
40,66,7
40,12,8
40,13,8
40,14,8
40,23,8
40,24,8
40,25,8
40,27,8
40,66,8
40,12,9
40,13,9
40,14,9
40,23,9
40,24,9
40,25,9
40,27,9
40,33,9
40,34,9
40,35,9
40,36,9
40,37,9
40,66,9
40,12,10
40,13,10
40,14,10
40,23,10
40,24,10
40,25,10
40,26,10
40,33,10
40,37,10
40,38,10
40,39,10
40,40,10
40,62,10
40,63,10
40,64,10
40,65,10
40,12,11
40,14,11
40,23,11
40,25,11
40,26,11
40,32,11
40,33,11
40,41,11
40,42,11
40,43,11
40,44,11
40,45,11
40,46,11
40,47,11
40,48,11
40,49,11
40,50,11
40,52,11
40,53,11
40,54,11
40,55,11
40,56,11
40,57,11
40,58,11
40,59,11
40,60,11
40,61,11
40,12,12
40,14,12
40,15,12
40,22,12
40,23,12
40,25,12
40,26,12
40,29,12
40,30,12
40,13,13
40,15,13
40,16,13
40,21,13
40,22,13
40,24,13
40,25,13
40,27,13
40,28,13
40,29,13
40,13,14
40,14,14
40,16,14
40,17,14
40,18,14
40,19,14
40,20,14
40,21,14
40,23,14
40,24,14
40,25,14
40,26,14
40,27,14
40,14,15
40,15,15
40,16,15
40,21,15
40,22,15
40,23,15
40,24,15
40,16,16
40,17,16
40,18,16
40,19,16
40,20,16
40,21,16
40,22,16
40,23,16
40,21,17
40,10,18
40,11,18
40,12,18
40,13,18
40,14,18
40,15,18
40,16,18
40,8,19
40,9,19
40,10,19
40,13,19
40,14,19
40,15,19
40,16,19
40,6,20
40,7,20
40,8,20
40,9,20
40,10,20
40,11,20
40,12,20
40,13,20
41,15,3
41,17,3
41,18,3
41,19,3
41,20,3
41,22,3
41,45,3
41,78,3
41,79,3
41,80,3
41,81,3
41,82,3
41,83,3
41,14,4
41,22,4
41,23,4
41,27,4
41,28,4
41,29,4
41,30,4
41,31,4
41,32,4
41,33,4
41,34,4
41,35,4
41,36,4
41,37,4
41,38,4
41,39,4
41,40,4
41,41,4
41,42,4
41,43,4
41,44,4
41,45,4
41,46,4
41,47,4
41,48,4
41,49,4
41,50,4
41,51,4
41,52,4
41,53,4
41,54,4
41,55,4
41,56,4
41,57,4
41,58,4
41,59,4
41,60,4
41,61,4
41,62,4
41,63,4
41,64,4
41,65,4
41,66,4
41,77,4
41,79,4
41,80,4
41,81,4
41,82,4
41,83,4
41,84,4
41,14,5
41,16,5
41,19,5
41,20,5
41,23,5
41,27,5
41,66,5
41,76,5
41,77,5
41,78,5
41,79,5
41,82,5
41,83,5
41,84,5
41,85,5
41,13,6
41,16,6
41,18,6
41,19,6
41,22,6
41,24,6
41,27,6
41,66,6
41,75,6
41,76,6
41,77,6
41,78,6
41,83,6
41,84,6
41,85,6
41,86,6
41,12,7
41,16,7
41,17,7
41,18,7
41,19,7
41,20,7
41,21,7
41,22,7
41,23,7
41,25,7
41,27,7
41,66,7
41,75,7
41,76,7
41,77,7
41,84,7
41,85,7
41,86,7
41,12,8
41,14,8
41,16,8
41,17,8
41,18,8
41,19,8
41,20,8
41,25,8
41,27,8
41,66,8
41,75,8
41,76,8
41,77,8
41,84,8
41,85,8
41,86,8
41,12,9
41,14,9
41,15,9
41,16,9
41,17,9
41,18,9
41,19,9
41,20,9
41,21,9
41,22,9
41,25,9
41,27,9
41,33,9
41,34,9
41,35,9
41,36,9
41,37,9
41,66,9
41,75,9
41,76,9
41,77,9
41,84,9
41,85,9
41,86,9
41,16,10
41,17,10
41,18,10
41,19,10
41,20,10
41,22,10
41,23,10
41,26,10
41,33,10
41,37,10
41,38,10
41,39,10
41,40,10
41,62,10
41,63,10
41,64,10
41,65,10
41,75,10
41,77,10
41,84,10
41,86,10
41,12,11
41,15,11
41,16,11
41,17,11
41,18,11
41,19,11
41,20,11
41,21,11
41,25,11
41,26,11
41,32,11
41,33,11
41,41,11
41,42,11
41,43,11
41,44,11
41,45,11
41,46,11
41,47,11
41,48,11
41,49,11
41,50,11
41,52,11
41,53,11
41,54,11
41,55,11
41,56,11
41,57,11
41,58,11
41,59,11
41,60,11
41,61,11
41,75,11
41,76,11
41,77,11
41,78,11
41,83,11
41,84,11
41,85,11
41,86,11
41,14,12
41,15,12
41,16,12
41,18,12
41,19,12
41,20,12
41,21,12
41,25,12
41,26,12
41,29,12
41,30,12
41,76,12
41,77,12
41,78,12
41,79,12
41,80,12
41,81,12
41,82,12
41,83,12
41,84,12
41,85,12
41,13,13
41,17,13
41,18,13
41,21,13
41,24,13
41,25,13
41,27,13
41,28,13
41,29,13
41,77,13
41,78,13
41,79,13
41,82,13
41,83,13
41,84,13
41,14,14
41,17,14
41,18,14
41,23,14
41,24,14
41,25,14
41,26,14
41,27,14
41,79,14
41,80,14
41,81,14
41,82,14
41,15,15
41,22,15
41,23,15
41,24,15
41,17,16
41,18,16
41,19,16
41,20,16
41,21,16
41,22,16
41,23,16
41,21,17
41,10,18
41,11,18
41,12,18
41,8,19
41,9,19
41,8,20
42,27,4
42,28,4
42,29,4
42,30,4
42,31,4
42,32,4
42,33,4
42,34,4
42,35,4
42,36,4
42,37,4
42,38,4
42,39,4
42,40,4
42,42,4
42,43,4
42,44,4
42,46,4
42,47,4
42,48,4
42,49,4
42,50,4
42,51,4
42,52,4
42,53,4
42,54,4
42,55,4
42,56,4
42,57,4
42,58,4
42,59,4
42,60,4
42,61,4
42,62,4
42,63,4
42,64,4
42,65,4
42,66,4
42,81,4
42,92,4
42,93,4
42,94,4
42,16,5
42,19,5
42,20,5
42,27,5
42,66,5
42,78,5
42,79,5
42,80,5
42,81,5
42,90,5
42,91,5
42,92,5
42,93,5
42,94,5
42,16,6
42,18,6
42,19,6
42,22,6
42,27,6
42,66,6
42,78,6
42,79,6
42,80,6
42,81,6
42,82,6
42,83,6
42,84,6
42,16,7
42,17,7
42,18,7
42,19,7
42,20,7
42,21,7
42,22,7
42,23,7
42,27,7
42,66,7
42,77,7
42,79,7
42,80,7
42,81,7
42,82,7
42,83,7
42,14,8
42,15,8
42,16,8
42,17,8
42,18,8
42,19,8
42,20,8
42,27,8
42,66,8
42,77,8
42,78,8
42,79,8
42,80,8
42,81,8
42,82,8
42,83,8
42,84,8
42,14,9
42,15,9
42,16,9
42,17,9
42,18,9
42,19,9
42,20,9
42,21,9
42,22,9
42,27,9
42,33,9
42,34,9
42,35,9
42,36,9
42,37,9
42,66,9
42,78,9
42,79,9
42,80,9
42,81,9
42,82,9
42,83,9
42,84,9
42,16,10
42,17,10
42,18,10
42,19,10
42,20,10
42,21,10
42,22,10
42,23,10
42,26,10
42,33,10
42,37,10
42,38,10
42,39,10
42,40,10
42,62,10
42,63,10
42,64,10
42,65,10
42,77,10
42,78,10
42,79,10
42,80,10
42,81,10
42,82,10
42,15,11
42,16,11
42,17,11
42,18,11
42,19,11
42,20,11
42,21,11
42,26,11
42,32,11
42,33,11
42,41,11
42,42,11
42,43,11
42,44,11
42,45,11
42,46,11
42,47,11
42,48,11
42,49,11
42,50,11
42,52,11
42,53,11
42,54,11
42,55,11
42,56,11
42,57,11
42,58,11
42,59,11
42,60,11
42,61,11
42,77,11
42,80,11
42,81,11
42,82,11
42,83,11
42,14,12
42,15,12
42,16,12
42,17,12
42,18,12
42,19,12
42,20,12
42,21,12
42,25,12
42,26,12
42,29,12
42,30,12
42,79,12
42,80,12
42,82,12
42,18,13
42,21,13
42,24,13
42,25,13
42,27,13
42,28,13
42,29,13
42,17,14
42,18,14
42,24,14
42,25,14
42,26,14
42,27,14
42,23,15
42,24,15
42,21,16
42,22,16
42,23,16
42,12,17
42,13,17
42,14,17
42,15,17
42,16,17
42,17,17
42,21,17
42,8,18
42,9,18
42,10,18
42,11,18
42,12,18
42,13,18
42,14,18
42,15,18
42,16,18
42,17,18
42,18,18
42,6,19
42,7,19
42,8,19
42,9,19
42,10,19
42,11,19
42,12,19
42,13,19
42,14,19
42,15,19
42,16,19
42,17,19
42,18,19
42,4,20
42,5,20
42,6,20
42,7,20
42,8,20
42,9,20
42,10,20
42,11,20
42,12,20
42,13,20
42,14,20
42,15,20
42,16,20
42,17,20
42,3,21
42,4,21
42,5,21
42,6,21
42,7,21
42,8,21
42,9,21
42,10,21
42,11,21
42,12,21
42,3,22
42,4,22
43,15,3
43,17,3
43,18,3
43,19,3
43,20,3
43,21,3
43,22,3
43,14,4
43,22,4
43,23,4
43,28,4
43,29,4
43,30,4
43,32,4
43,33,4
43,34,4
43,35,4
43,36,4
43,37,4
43,38,4
43,39,4
43,40,4
43,41,4
43,42,4
43,43,4
43,44,4
43,45,4
43,46,4
43,47,4
43,48,4
43,49,4
43,50,4
43,51,4
43,52,4
43,53,4
43,54,4
43,55,4
43,56,4
43,57,4
43,58,4
43,59,4
43,60,4
43,61,4
43,62,4
43,63,4
43,64,4
43,65,4
43,66,4
43,81,4
43,14,5
43,23,5
43,24,5
43,27,5
43,65,5
43,66,5
43,78,5
43,79,5
43,80,5
43,81,5
43,13,6
43,24,6
43,25,6
43,27,6
43,65,6
43,66,6
43,78,6
43,79,6
43,80,6
43,81,6
43,82,6
43,83,6
43,84,6
43,12,7
43,25,7
43,27,7
43,65,7
43,66,7
43,77,7
43,79,7
43,80,7
43,81,7
43,82,7
43,83,7
43,12,8
43,25,8
43,27,8
43,65,8
43,66,8
43,77,8
43,78,8
43,79,8
43,80,8
43,81,8
43,82,8
43,83,8
43,84,8
43,12,9
43,25,9
43,27,9
43,33,9
43,34,9
43,35,9
43,36,9
43,37,9
43,65,9
43,66,9
43,78,9
43,79,9
43,80,9
43,81,9
43,82,9
43,83,9
43,84,9
43,25,10
43,26,10
43,33,10
43,37,10
43,38,10
43,39,10
43,40,10
43,62,10
43,63,10
43,64,10
43,65,10
43,77,10
43,78,10
43,79,10
43,80,10
43,81,10
43,82,10
43,12,11
43,25,11
43,26,11
43,32,11
43,33,11
43,41,11
43,42,11
43,43,11
43,44,11
43,45,11
43,46,11
43,47,11
43,48,11
43,49,11
43,50,11
43,52,11
43,53,11
43,54,11
43,55,11
43,56,11
43,57,11
43,58,11
43,59,11
43,60,11
43,61,11
43,77,11
43,80,11
43,81,11
43,82,11
43,83,11
43,13,12
43,30,12
43,79,12
43,80,12
43,82,12
43,83,12
43,13,13
43,24,13
43,25,13
43,27,13
43,28,13
43,29,13
43,14,14
43,23,14
43,25,14
43,26,14
43,27,14
43,15,15
43,22,15
43,23,15
43,24,15
43,16,16
43,17,16
43,18,16
43,19,16
43,20,16
43,21,16
43,22,16
43,23,16
43,21,17
44,15,3
44,16,3
44,17,3
44,18,3
44,19,3
44,20,3
44,21,3
44,22,3
44,78,3
44,79,3
44,80,3
44,81,3
44,82,3
44,83,3
44,14,4
44,15,4
44,17,4
44,18,4
44,19,4
44,20,4
44,22,4
44,23,4
44,27,4
44,28,4
44,29,4
44,30,4
44,31,4
44,32,4
44,33,4
44,34,4
44,35,4
44,36,4
44,37,4
44,38,4
44,39,4
44,40,4
44,41,4
44,42,4
44,43,4
44,44,4
44,45,4
44,46,4
44,47,4
44,48,4
44,49,4
44,50,4
44,52,4
44,53,4
44,54,4
44,55,4
44,56,4
44,57,4
44,58,4
44,59,4
44,60,4
44,61,4
44,62,4
44,63,4
44,64,4
44,76,4
44,77,4
44,78,4
44,79,4
44,80,4
44,81,4
44,82,4
44,83,4
44,84,4
44,85,4
44,91,4
44,92,4
44,93,4
44,94,4
44,95,4
44,96,4
44,13,5
44,14,5
44,15,5
44,16,5
44,17,5
44,18,5
44,19,5
44,20,5
44,21,5
44,22,5
44,23,5
44,24,5
44,27,5
44,64,5
44,76,5
44,77,5
44,78,5
44,79,5
44,82,5
44,83,5
44,84,5
44,85,5
44,89,5
44,90,5
44,91,5
44,92,5
44,93,5
44,94,5
44,95,5
44,96,5
44,12,6
44,13,6
44,14,6
44,15,6
44,16,6
44,21,6
44,22,6
44,23,6
44,24,6
44,25,6
44,27,6
44,64,6
44,75,6
44,76,6
44,77,6
44,78,6
44,83,6
44,84,6
44,85,6
44,86,6
44,88,6
44,89,6
44,90,6
44,91,6
44,92,6
44,12,7
44,14,7
44,15,7
44,22,7
44,23,7
44,25,7
44,27,7
44,64,7
44,75,7
44,76,7
44,77,7
44,84,7
44,85,7
44,86,7
44,12,8
44,13,8
44,14,8
44,23,8
44,24,8
44,25,8
44,27,8
44,64,8
44,75,8
44,76,8
44,77,8
44,84,8
44,85,8
44,86,8
44,12,9
44,13,9
44,14,9
44,23,9
44,24,9
44,25,9
44,27,9
44,33,9
44,34,9
44,35,9
44,36,9
44,37,9
44,64,9
44,75,9
44,76,9
44,77,9
44,84,9
44,85,9
44,86,9
44,12,10
44,13,10
44,14,10
44,23,10
44,24,10
44,25,10
44,26,10
44,33,10
44,37,10
44,38,10
44,39,10
44,40,10
44,62,10
44,63,10
44,64,10
44,75,10
44,77,10
44,84,10
44,86,10
44,12,11
44,14,11
44,23,11
44,25,11
44,26,11
44,32,11
44,33,11
44,39,11
44,40,11
44,41,11
44,42,11
44,43,11
44,44,11
44,45,11
44,46,11
44,47,11
44,48,11
44,49,11
44,50,11
44,52,11
44,53,11
44,54,11
44,55,11
44,56,11
44,57,11
44,58,11
44,59,11
44,60,11
44,61,11
44,75,11
44,76,11
44,77,11
44,78,11
44,83,11
44,84,11
44,85,11
44,86,11
44,12,12
44,13,12
44,14,12
44,15,12
44,22,12
44,23,12
44,25,12
44,26,12
44,30,12
44,76,12
44,77,12
44,78,12
44,79,12
44,80,12
44,81,12
44,82,12
44,83,12
44,84,12
44,85,12
44,13,13
44,15,13
44,16,13
44,21,13
44,22,13
44,24,13
44,25,13
44,27,13
44,28,13
44,29,13
44,77,13
44,78,13
44,79,13
44,82,13
44,83,13
44,84,13
44,13,14
44,14,14
44,16,14
44,17,14
44,18,14
44,19,14
44,20,14
44,21,14
44,23,14
44,24,14
44,25,14
44,26,14
44,27,14
44,79,14
44,80,14
44,81,14
44,82,14
44,14,15
44,15,15
44,16,15
44,21,15
44,22,15
44,23,15
44,24,15
44,16,16
44,17,16
44,18,16
44,19,16
44,20,16
44,21,16
44,22,16
44,23,16
44,21,17
45,27,4
45,28,4
45,29,4
45,30,4
45,31,4
45,32,4
45,33,4
45,34,4
45,35,4
45,36,4
45,37,4
45,38,4
45,39,4
45,40,4
45,41,4
45,42,4
45,43,4
45,44,4
45,45,4
45,46,4
45,48,4
45,49,4
45,50,4
45,51,4
45,52,4
45,53,4
45,54,4
45,55,4
45,56,4
45,57,4
45,58,4
45,59,4
45,60,4
45,61,4
45,62,4
45,63,4
45,27,5
45,62,5
45,63,5
45,27,6
45,62,6
45,63,6
45,27,7
45,62,7
45,63,7
45,27,8
45,62,8
45,63,8
45,27,9
45,33,9
45,34,9
45,35,9
45,36,9
45,62,9
45,63,9
45,26,10
45,37,10
45,38,10
45,39,10
45,61,10
45,62,10
45,63,10
45,26,11
45,32,11
45,33,11
45,38,11
45,39,11
45,40,11
45,41,11
45,42,11
45,43,11
45,44,11
45,45,11
45,46,11
45,47,11
45,48,11
45,49,11
45,50,11
45,52,11
45,53,11
45,54,11
45,55,11
45,56,11
45,57,11
45,58,11
45,59,11
45,60,11
45,61,11
45,25,12
45,26,12
45,30,12
45,24,13
45,25,13
45,27,13
45,28,13
45,29,13
45,24,14
45,25,14
45,26,14
45,27,14
45,23,15
45,24,15
45,21,16
45,22,16
45,23,16
45,21,17
46,27,4
46,28,4
46,29,4
46,30,4
46,31,4
46,32,4
46,33,4
46,34,4
46,35,4
46,36,4
46,37,4
46,38,4
46,39,4
46,40,4
46,41,4
46,42,4
46,43,4
46,44,4
46,45,4
46,46,4
46,47,4
46,48,4
46,49,4
46,50,4
46,51,4
46,52,4
46,53,4
46,54,4
46,55,4
46,56,4
46,57,4
46,58,4
46,59,4
46,60,4
46,61,4
46,79,4
46,80,4
46,81,4
46,82,4
46,27,5
46,59,5
46,60,5
46,61,5
46,77,5
46,78,5
46,79,5
46,82,5
46,83,5
46,84,5
46,27,6
46,59,6
46,60,6
46,61,6
46,77,6
46,78,6
46,83,6
46,84,6
46,27,7
46,59,7
46,60,7
46,61,7
46,76,7
46,77,7
46,84,7
46,85,7
46,27,8
46,59,8
46,60,8
46,61,8
46,76,8
46,77,8
46,84,8
46,85,8
46,27,9
46,33,9
46,34,9
46,35,9
46,36,9
46,37,9
46,59,9
46,60,9
46,61,9
46,76,9
46,77,9
46,84,9
46,85,9
46,26,10
46,33,10
46,35,10
46,36,10
46,37,10
46,59,10
46,60,10
46,61,10
46,77,10
46,84,10
46,26,11
46,32,11
46,33,11
46,35,11
46,36,11
46,37,11
46,38,11
46,39,11
46,40,11
46,41,11
46,42,11
46,43,11
46,44,11
46,45,11
46,46,11
46,47,11
46,48,11
46,49,11
46,50,11
46,52,11
46,53,11
46,54,11
46,55,11
46,56,11
46,57,11
46,58,11
46,59,11
46,60,11
46,77,11
46,78,11
46,83,11
46,84,11
46,26,12
46,30,12
46,78,12
46,79,12
46,80,12
46,81,12
46,82,12
46,83,12
46,24,13
46,25,13
46,27,13
46,28,13
46,29,13
46,24,14
46,25,14
46,26,14
46,27,14
46,23,15
46,24,15
46,21,16
46,22,16
46,23,16
46,21,17
47,15,3
47,17,3
47,18,3
47,19,3
47,20,3
47,22,3
47,78,3
47,79,3
47,80,3
47,81,3
47,82,3
47,83,3
47,14,4
47,17,4
47,18,4
47,19,4
47,20,4
47,22,4
47,23,4
47,28,4
47,29,4
47,30,4
47,32,4
47,33,4
47,34,4
47,35,4
47,36,4
47,37,4
47,38,4
47,39,4
47,40,4
47,41,4
47,42,4
47,43,4
47,44,4
47,45,4
47,46,4
47,47,4
47,48,4
47,49,4
47,50,4
47,52,4
47,53,4
47,54,4
47,55,4
47,56,4
47,57,4
47,58,4
47,76,4
47,77,4
47,78,4
47,79,4
47,80,4
47,81,4
47,82,4
47,83,4
47,84,4
47,14,5
47,15,5
47,16,5
47,17,5
47,18,5
47,19,5
47,20,5
47,21,5
47,22,5
47,23,5
47,27,5
47,55,5
47,56,5
47,57,5
47,58,5
47,76,5
47,77,5
47,78,5
47,79,5
47,82,5
47,83,5
47,84,5
47,85,5
47,13,6
47,14,6
47,15,6
47,16,6
47,21,6
47,22,6
47,23,6
47,24,6
47,27,6
47,55,6
47,56,6
47,57,6
47,58,6
47,75,6
47,76,6
47,77,6
47,84,6
47,85,6
47,86,6
47,12,7
47,14,7
47,15,7
47,22,7
47,23,7
47,25,7
47,27,7
47,55,7
47,56,7
47,57,7
47,58,7
47,75,7
47,76,7
47,77,7
47,84,7
47,85,7
47,86,7
47,12,8
47,13,8
47,14,8
47,23,8
47,25,8
47,27,8
47,55,8
47,56,8
47,57,8
47,58,8
47,75,8
47,76,8
47,85,8
47,86,8
47,12,9
47,13,9
47,14,9
47,23,9
47,24,9
47,25,9
47,27,9
47,34,9
47,55,9
47,56,9
47,57,9
47,58,9
47,75,9
47,76,9
47,84,9
47,85,9
47,86,9
47,13,10
47,14,10
47,23,10
47,24,10
47,34,10
47,55,10
47,56,10
47,57,10
47,58,10
47,75,10
47,76,10
47,77,10
47,84,10
47,85,10
47,86,10
47,12,11
47,14,11
47,23,11
47,25,11
47,26,11
47,32,11
47,33,11
47,34,11
47,35,11
47,36,11
47,37,11
47,38,11
47,39,11
47,40,11
47,41,11
47,42,11
47,43,11
47,44,11
47,45,11
47,46,11
47,47,11
47,48,11
47,49,11
47,50,11
47,52,11
47,53,11
47,54,11
47,55,11
47,56,11
47,57,11
47,58,11
47,75,11
47,76,11
47,77,11
47,78,11
47,83,11
47,84,11
47,85,11
47,86,11
47,14,12
47,15,12
47,22,12
47,23,12
47,25,12
47,29,12
47,30,12
47,76,12
47,77,12
47,78,12
47,79,12
47,80,12
47,81,12
47,82,12
47,83,12
47,84,12
47,85,12
47,13,13
47,15,13
47,16,13
47,21,13
47,22,13
47,24,13
47,25,13
47,27,13
47,28,13
47,29,13
47,77,13
47,78,13
47,79,13
47,80,13
47,81,13
47,82,13
47,83,13
47,84,13
47,14,14
47,16,14
47,17,14
47,18,14
47,19,14
47,20,14
47,21,14
47,23,14
47,25,14
47,26,14
47,27,14
47,79,14
47,80,14
47,81,14
47,82,14
47,15,15
47,22,15
47,23,15
47,24,15
47,17,16
47,18,16
47,19,16
47,20,16
47,21,16
47,22,16
47,23,16
47,21,17
48,28,4
48,29,4
48,30,4
48,32,4
48,33,4
48,34,4
48,35,4
48,36,4
48,37,4
48,38,4
48,39,4
48,40,4
48,41,4
48,42,4
48,43,4
48,44,4
48,45,4
48,46,4
48,47,4
48,48,4
48,49,4
48,50,4
48,52,4
48,53,4
48,54,4
48,28,5
48,29,5
48,30,5
48,32,5
48,33,5
48,34,5
48,35,5
48,36,5
48,37,5
48,38,5
48,39,5
48,40,5
48,41,5
48,42,5
48,43,5
48,44,5
48,45,5
48,46,5
48,47,5
48,48,5
48,49,5
48,50,5
48,52,5
48,53,5
48,54,5
48,27,6
48,28,6
48,29,6
48,30,6
48,31,6
48,32,6
48,33,6
48,34,6
48,35,6
48,36,6
48,37,6
48,38,6
48,39,6
48,40,6
48,41,6
48,42,6
48,43,6
48,44,6
48,45,6
48,46,6
48,47,6
48,48,6
48,49,6
48,50,6
48,52,6
48,53,6
48,54,6
48,27,7
48,28,7
48,29,7
48,30,7
48,31,7
48,32,7
48,33,7
48,34,7
48,35,7
48,36,7
48,37,7
48,38,7
48,39,7
48,40,7
48,41,7
48,42,7
48,43,7
48,44,7
48,45,7
48,46,7
48,47,7
48,48,7
48,49,7
48,50,7
48,52,7
48,53,7
48,54,7
48,27,8
48,28,8
48,29,8
48,30,8
48,31,8
48,32,8
48,33,8
48,34,8
48,35,8
48,36,8
48,37,8
48,38,8
48,39,8
48,40,8
48,41,8
48,42,8
48,43,8
48,44,8
48,45,8
48,46,8
48,47,8
48,48,8
48,49,8
48,50,8
48,52,8
48,53,8
48,54,8
48,27,9
48,28,9
48,29,9
48,30,9
48,31,9
48,32,9
48,33,9
48,34,9
48,35,9
48,36,9
48,37,9
48,38,9
48,39,9
48,40,9
48,41,9
48,42,9
48,43,9
48,44,9
48,45,9
48,46,9
48,47,9
48,48,9
48,49,9
48,50,9
48,52,9
48,53,9
48,54,9
48,27,10
48,28,10
48,29,10
48,30,10
48,31,10
48,32,10
48,33,10
48,34,10
48,35,10
48,36,10
48,37,10
48,38,10
48,39,10
48,40,10
48,41,10
48,42,10
48,43,10
48,44,10
48,45,10
48,46,10
48,47,10
48,48,10
48,49,10
48,50,10
48,52,10
48,53,10
48,54,10
48,26,11
48,27,11
48,28,11
48,29,11
48,30,11
48,32,11
48,33,11
48,34,11
48,35,11
48,36,11
48,37,11
48,38,11
48,39,11
48,40,11
48,41,11
48,42,11
48,43,11
48,44,11
48,45,11
48,46,11
48,47,11
48,48,11
48,49,11
48,50,11
48,52,11
48,53,11
48,54,11
48,25,12
48,26,12
48,27,12
48,28,12
48,29,12
48,30,12
48,24,13
48,25,13
48,26,13
48,27,13
48,28,13
48,24,14
48,25,14
48,26,14
48,27,14
48,23,15
48,24,15
48,21,16
48,22,16
48,23,16
48,21,17
49,15,3
49,16,3
49,17,3
49,18,3
49,19,3
49,20,3
49,21,3
49,22,3
49,14,4
49,15,4
49,16,4
49,17,4
49,18,4
49,19,4
49,20,4
49,21,4
49,22,4
49,23,4
49,13,5
49,14,5
49,15,5
49,16,5
49,17,5
49,20,5
49,21,5
49,22,5
49,23,5
49,24,5
49,12,6
49,13,6
49,14,6
49,15,6
49,22,6
49,23,6
49,24,6
49,25,6
49,12,7
49,13,7
49,14,7
49,23,7
49,24,7
49,25,7
49,12,8
49,13,8
49,14,8
49,23,8
49,24,8
49,25,8
49,12,9
49,13,9
49,24,9
49,25,9
49,12,10
49,13,10
49,14,10
49,23,10
49,24,10
49,25,10
49,12,11
49,13,11
49,14,11
49,23,11
49,24,11
49,25,11
49,12,12
49,13,12
49,14,12
49,15,12
49,23,12
49,24,12
49,25,12
49,13,13
49,14,13
49,15,13
49,16,13
49,21,13
49,22,13
49,23,13
49,24,13
49,13,14
49,14,14
49,15,14
49,16,14
49,17,14
49,18,14
49,19,14
49,20,14
49,21,14
49,22,14
49,23,14
49,24,14
49,14,15
49,15,15
49,16,15
49,17,15
49,18,15
49,19,15
49,20,15
49,21,15
49,22,15
49,23,15
49,16,16
49,17,16
49,18,16
49,19,16
49,20,16
49,21,16
